time	V(x_t)	V(y)
0.000000000000000e+000	0.000000e+000	9.941695e-019
3.447434315074881e-006	1.083043e-004	1.062644e-013
6.894868630149761e-006	2.166087e-004	1.670642e-013
1.034230294522464e-005	3.249130e-004	1.824004e-013
1.378973726029952e-005	4.332174e-004	1.522730e-013
1.723717157537440e-005	5.415217e-004	7.668203e-014
2.068460589044928e-005	6.498261e-004	-4.437256e-014
2.413204020552416e-005	7.581304e-004	-2.108908e-013
1.398581720778677e-003	4.395989e-002	-4.423002e-008
2.773031401351831e-003	8.711896e-002	-2.915148e-009
4.147481081924984e-003	1.302354e-001	1.239444e-007
5.521930762498137e-003	1.733090e-001	3.363487e-007
6.896380443071290e-003	2.163401e-001	6.342976e-007
8.270830123644444e-003	2.593284e-001	1.017791e-006
9.645279804217593e-003	3.022740e-001	1.486830e-006
1.203812342605280e-002	3.767480e-001	2.885705e-006
1.502312051703749e-002	4.691668e-001	5.595699e-006
1.876615368940385e-002	5.841069e-001	1.087167e-005
2.345405013356145e-002	7.262092e-001	2.112882e-005
2.935536726902695e-002	9.014518e-001	4.116374e-005
3.680235434322179e-002	1.115404e+000	8.037225e-005
4.627666062714142e-002	1.373257e+000	1.576628e-004
5.845256068103297e-002	1.675608e+000	3.113717e-004
7.442581528891488e-002	2.011887e+000	6.227902e-004
9.620603172672004e-002	2.338121e+000	1.211283e-003
1.059636832860662e-001	2.428809e+000	1.546687e-003
1.136589661047513e-001	2.474655e+000	1.861990e-003
1.232071201581025e-001	2.499366e+000	2.298355e-003
1.318335244865616e-001	2.490788e+000	2.733139e-003
1.436218795513534e-001	2.431861e+000	3.390826e-003
1.627158564318054e-001	2.224429e+000	4.560978e-003
1.920127314318054e-001	1.664731e+000	6.460267e-003
2.213096064318054e-001	8.819352e-001	8.308020e-003
2.506064814318054e-001	-1.905299e-002	9.867013e-003
2.799033564318054e-001	-9.174877e-001	1.087771e-002
3.092002314318054e-001	-1.692966e+000	1.112120e-002
3.384971064318054e-001	-2.241562e+000	1.058778e-002
3.517071222563182e-001	-2.393666e+000	1.004732e-002
3.600651269212227e-001	-2.456101e+000	9.562052e-003
3.686841543943258e-001	-2.492130e+000	8.960896e-003
3.801483523111706e-001	-2.494770e+000	8.041366e-003
3.908809013507478e-001	-2.450382e+000	7.054115e-003
4.082930648166226e-001	-2.284378e+000	5.212569e-003
4.361067803381001e-001	-1.798444e+000	1.921266e-003
4.654036553381001e-001	-1.052960e+000	-1.772198e-003
4.929791408209775e-001	-2.202808e-001	-5.201866e-003
5.222760158209775e-001	6.907178e-001	-8.446333e-003
5.515728908209775e-001	1.509150e+000	-1.096343e-002
5.808697658209775e-001	2.125335e+000	-1.261748e-002
5.976359621544799e-001	2.353645e+000	-1.309992e-002
6.070252077239131e-001	2.436495e+000	-1.316159e-002
6.149796706585780e-001	2.480207e+000	-1.309442e-002
6.225797964632897e-001	2.498844e+000	-1.293810e-002
6.316002207793040e-001	2.491406e+000	-1.263876e-002
6.432425087301927e-001	2.434597e+000	-1.207142e-002
6.621044857970446e-001	2.233130e+000	-1.077178e-002
6.914013607970446e-001	1.679011e+000	-8.124406e-003
7.206982357970446e-001	8.998809e-001	-4.956462e-003
7.499951107970446e-001	1.535988e-004	-1.522811e-003
7.737937198700032e-001	-7.364135e-001	1.210786e-003
7.979194830521168e-001	-1.416088e+000	3.680959e-003
8.251815708990917e-001	-2.025890e+000	5.960319e-003
8.454332026632382e-001	-2.329417e+000	7.246804e-003
8.553913974813070e-001	-2.424487e+000	7.699481e-003
8.629464043754368e-001	-2.471376e+000	7.936830e-003
8.723252470111803e-001	-2.498588e+000	8.128367e-003
8.815055274511842e-001	-2.491651e+000	8.210988e-003
8.930885194405227e-001	-2.435692e+000	8.149022e-003
9.118562521693154e-001	-2.236625e+000	7.718052e-003
9.373260454840826e-001	-1.771627e+000	6.630328e-003
9.666229204840826e-001	-1.018097e+000	4.850358e-003
9.959197954840826e-001	-1.281272e-001	2.735326e-003
1.018598740085069e+000	5.789917e-001	1.031458e-003
1.038485999508354e+000	1.162488e+000	-3.738224e-004
1.058602877763435e+000	1.679110e+000	-1.590735e-003
1.080859164513814e+000	2.125159e+000	-2.641805e-003
1.097631906377587e+000	2.353602e+000	-3.204757e-003
1.107022192114959e+000	2.436473e+000	-3.403888e-003
1.114975920584958e+000	2.480192e+000	-3.496015e-003
1.122578959633307e+000	2.498843e+000	-3.523703e-003
1.131599909501871e+000	2.491407e+000	-3.481112e-003
1.143242002543683e+000	2.434601e+000	-3.305108e-003
1.162103669884385e+000	2.233141e+000	-2.768163e-003
1.190356216411422e+000	1.703193e+000	-1.584138e-003
1.212478184983532e+000	1.135587e+000	-4.160470e-004
1.231928039741556e+000	5.628798e-001	7.310351e-004
1.251932698522589e+000	-6.071154e-002	1.906677e-003
1.275698742354067e+000	-7.933897e-001	3.146990e-003
1.303903620870407e+000	-1.566870e+000	4.235539e-003
1.333200495870407e+000	-2.162974e+000	4.851241e-003
1.349993308755398e+000	-2.377576e+000	4.909551e-003
1.358782376962695e+000	-2.448263e+000	4.812397e-003
1.367137171085128e+000	-2.487806e+000	4.634897e-003
1.376211912580221e+000	-2.499710e+000	4.368942e-003
1.384473350277448e+000	-2.482306e+000	4.054212e-003
1.397911582611392e+000	-2.397095e+000	3.397198e-003
1.419609286957960e+000	-2.117371e+000	2.076660e-003
1.444574038274632e+000	-1.603848e+000	2.782299e-004
1.467998158024201e+000	-9.784874e-001	-1.579408e-003
1.491819639961378e+000	-2.565412e-001	-3.470854e-003
1.520886365920528e+000	6.486568e-001	-5.530184e-003
1.550183240920528e+000	1.474116e+000	-7.090594e-003
1.579480115920528e+000	2.102023e+000	-7.994835e-003
1.597102873568102e+000	2.347946e+000	-8.157039e-003
1.606629068048684e+000	2.433677e+000	-8.077065e-003
1.614486961521955e+000	2.478215e+000	-7.915845e-003
1.622469893446826e+000	2.498737e+000	-7.675330e-003
1.631559338458985e+000	2.491512e+000	-7.311601e-003
1.643176027047442e+000	2.435071e+000	-6.706964e-003
1.661997321273944e+000	2.234641e+000	-5.443825e-003
1.691294196273944e+000	1.681504e+000	-3.032519e-003
1.720591071273944e+000	9.030211e-001	-2.968845e-004
1.744083892462902e+000	1.856888e-001	1.978383e-003
1.767845858695277e+000	-5.559567e-001	4.125027e-003
1.797142733695277e+000	-1.395911e+000	6.306930e-003
1.826439608695277e+000	-2.048794e+000	7.853857e-003
1.845925368599979e+000	-2.334986e+000	8.445954e-003
1.855755731912652e+000	-2.427253e+000	8.560555e-003
1.863400087943053e+000	-2.473486e+000	8.544580e-003
1.872886775229237e+000	-2.499119e+000	8.424086e-003
1.881714397460002e+000	-2.491106e+000	8.215535e-003
1.893428173834510e+000	-2.433265e+000	7.780930e-003
1.912403724827633e+000	-2.228888e+000	6.760481e-003
1.941700599827633e+000	-1.672034e+000	4.671510e-003
1.970997474827633e+000	-8.911038e-001	2.177421e-003
1.993682848575315e+000	-1.982508e-001	9.802152e-005
2.017419070931148e+000	5.428766e-001	-2.027753e-003
2.038977142610897e+000	1.176126e+000	-3.721593e-003
2.068274017610897e+000	1.891269e+000	-5.509171e-003
2.092668997122969e+000	2.296490e+000	-6.527403e-003
2.103353109599248e+000	2.408073e+000	-6.777853e-003
2.111301011685601e+000	2.463048e+000	-6.852131e-003
2.120181136485499e+000	2.495418e+000	-6.841379e-003
2.130707067597168e+000	2.493574e+000	-6.717809e-003
2.141789850831490e+000	2.444561e+000	-6.446850e-003
2.159761130428938e+000	2.265253e+000	-5.719163e-003
2.188414197266765e+000	1.747342e+000	-4.076855e-003
2.217711072266765e+000	9.867806e-001	-1.991440e-003
2.239639579364206e+000	3.245635e-001	-2.629650e-004
2.260156173501113e+000	-3.182001e-001	1.352728e-003
2.280880036757200e+000	-9.459603e-001	2.824201e-003
2.308484921213097e+000	-1.676363e+000	4.370703e-003
2.337781796213097e+000	-2.231521e+000	5.489330e-003
2.350250698504590e+000	-2.380063e+000	5.741525e-003
2.358974752579556e+000	-2.449479e+000	5.789839e-003
2.367368714707258e+000	-2.488513e+000	5.751749e-003
2.376623029425468e+000	-2.499480e+000	5.626560e-003
2.385142738189540e+000	-2.479721e+000	5.426099e-003
2.398998367595108e+000	-2.387177e+000	4.926502e-003
2.421349467294685e+000	-2.087801e+000	3.792393e-003
2.450646342294685e+000	-1.452987e+000	1.897737e-003
2.473835497816392e+000	-8.072519e-001	1.743677e-004
2.494727439494321e+000	-1.655212e-001	-1.443501e-003
2.515894678984052e+000	4.960324e-001	-2.980448e-003
2.543773584120548e+000	1.306878e+000	-4.657546e-003
2.573070459120548e+000	1.986321e+000	-5.884582e-003
2.594600041654136e+000	2.319786e+000	-6.362386e-003
2.604775594966511e+000	2.419695e+000	-6.414881e-003
2.612371974044842e+000	2.468588e+000	-6.357820e-003
2.621483163846997e+000	2.497559e+000	-6.201731e-003
2.631192137950459e+000	2.492435e+000	-5.941122e-003
2.642578847977857e+000	2.439250e+000	-5.500976e-003
2.661034353208073e+000	2.248041e+000	-4.518380e-003
2.690331228208073e+000	1.703767e+000	-2.533462e-003
2.715606051992635e+000	1.047190e+000	-5.377232e-004
2.737456227609562e+000	3.924443e-001	1.298670e-003
2.759846535606211e+000	-3.085493e-001	3.104798e-003
2.787107829996269e+000	-1.123985e+000	4.985128e-003
2.816404704996269e+000	-1.852345e+000	6.449962e-003
2.841900362526561e+000	-2.286840e+000	7.190290e-003
2.852788819747321e+000	-2.403250e+000	7.300354e-003
2.860876900838680e+000	-2.460731e+000	7.264762e-003
2.869666735279393e+000	-2.494388e+000	7.132393e-003
2.880515216316979e+000	-2.493998e+000	6.855429e-003
2.891477755407347e+000	-2.446596e+000	6.439318e-003
2.909257208122154e+000	-2.271905e+000	5.489682e-003
2.937622959670435e+000	-1.765033e+000	3.526457e-003
2.966919834670435e+000	-1.009571e+000	1.130477e-003
2.989575207996708e+000	-3.265686e-001	-8.556760e-004
3.012899880160794e+000	4.034891e-001	-2.835361e-003
3.037987715309640e+000	1.148607e+000	-4.671418e-003
3.067284590309640e+000	1.870795e+000	-6.266836e-003
3.092263358747720e+000	2.291424e+000	-7.114134e-003
3.103055173093704e+000	2.405542e+000	-7.276830e-003
3.111077034513295e+000	2.461833e+000	-7.281860e-003
3.119909387930078e+000	2.494886e+000	-7.192938e-003
3.130605732756866e+000	2.493800e+000	-6.972158e-003
3.141625006215200e+000	2.445641e+000	-6.605452e-003
3.159494985308163e+000	2.268777e+000	-5.728250e-003
3.187996412363520e+000	1.756705e+000	-3.863548e-003
3.217293287363520e+000	9.988263e-001	-1.560161e-003
3.239701909722185e+000	3.226218e-001	3.497121e-004
3.262869292323802e+000	-4.025407e-001	2.285357e-003
3.285499955884306e+000	-1.078639e+000	3.941977e-003
3.314796830884306e+000	-1.818046e+000	5.554637e-003
3.344093705884306e+000	-2.313809e+000	6.579038e-003
3.354401953711106e+000	-2.416717e+000	6.742659e-003
3.362090416301445e+000	-2.467175e+000	6.749395e-003
3.371140444297056e+000	-2.497060e+000	6.666192e-003
3.381064524040609e+000	-2.492744e+000	6.474193e-003
3.392371289542005e+000	-2.440671e+000	6.115652e-003
3.410699513853046e+000	-2.252624e+000	5.251123e-003
3.439885338151984e+000	-1.713992e+000	3.407216e-003
3.469182213151984e+000	-9.441497e-001	1.185818e-003
3.491225718220138e+000	-2.750940e-001	-6.177836e-004
3.513976905573252e+000	4.368433e-001	-2.426707e-003
3.537642589068097e+000	1.138966e+000	-4.053225e-003
3.566939464068097e+000	1.863586e+000	-5.554113e-003
3.592121235302478e+000	2.289635e+000	-6.356745e-003
3.602950858382735e+000	2.404647e+000	-6.506211e-003
3.610998642733251e+000	2.461403e+000	-6.505314e-003
3.619814322706645e+000	2.494694e+000	-6.413576e-003
3.630570274304736e+000	2.493878e+000	-6.192341e-003
3.641567323467273e+000	2.446016e+000	-5.832860e-003
3.659401844759075e+000	2.270005e+000	-4.980187e-003
3.687850148149598e+000	1.759971e+000	-3.178333e-003
3.717147023149598e+000	1.003037e+000	-9.596559e-004
3.739358720171340e+000	3.333102e-001	8.544627e-004
3.762243356856778e+000	-3.831207e-001	2.668645e-003
3.787060576525564e+000	-1.122659e+000	4.363521e-003
3.816357451525564e+000	-1.851348e+000	5.838355e-003
3.841880806446080e+000	-2.286592e+000	6.616204e-003
3.852774477309622e+000	-2.403126e+000	6.747977e-003
3.860866126871426e+000	-2.460671e+000	6.731370e-003
3.869653676860229e+000	-2.494360e+000	6.621744e-003
3.880510344279679e+000	-2.494009e+000	6.375005e-003
3.891469829521296e+000	-2.446647e+000	5.992420e-003
3.909244408584352e+000	-2.272073e+000	5.102274e-003
3.937602851429932e+000	-1.765481e+000	3.241687e-003
3.966899726429932e+000	-1.010149e+000	9.570562e-004
3.989302741630182e+000	-3.350531e-001	-9.210301e-004
4.012356788940799e+000	3.866418e-001	-2.792746e-003
4.037573533376913e+000	1.137034e+000	-4.553671e-003
4.066870408376913e+000	1.862139e+000	-6.061681e-003
4.092092758268576e+000	2.289275e+000	-6.850118e-003
4.102929961614074e+000	2.404468e+000	-6.987635e-003
4.110982940712503e+000	2.461317e+000	-6.975025e-003
4.119795283880924e+000	2.494655e+000	-6.868500e-003
4.130563172442466e+000	2.493893e+000	-6.626634e-003
4.141555770286836e+000	2.446091e+000	-6.243871e-003
4.159383189142062e+000	2.270250e+000	-5.348407e-003
4.187820848658625e+000	1.760625e+000	-3.470069e-003
4.217117723658625e+000	1.003880e+000	-1.164450e-003
4.239519526784223e+000	3.283028e-001	7.346262e-004
4.262641135165629e+000	-3.954648e-001	2.639808e-003
4.287050583631701e+000	-1.122378e+000	4.380268e-003
4.316347458631701e+000	-1.851137e+000	5.938110e-003
4.341876670024225e+000	-2.286539e+000	6.784064e-003
4.352771443749371e+000	-2.403099e+000	6.942276e-003
4.360863848111834e+000	-2.460659e+000	6.943706e-003
4.369650914984439e+000	-2.494354e+000	6.852288e-003
4.380509313824705e+000	-2.494011e+000	6.626204e-003
4.391468153163686e+000	-2.446658e+000	6.262154e-003
4.409241701416224e+000	-2.272108e+000	5.396436e-003
4.437598598364418e+000	-1.765575e+000	3.563076e-003
4.466895473364418e+000	-1.010271e+000	1.292631e-003
4.489216431007187e+000	-3.377399e-001	-5.788310e-004
4.512304933987310e+000	3.850323e-001	-2.469491e-003
4.535951057119164e+000	1.091406e+000	-4.154945e-003
4.565247932119164e+000	1.827745e+000	-5.724088e-003
4.591419778947151e+000	2.280698e+000	-6.609261e-003
4.602436571246040e+000	2.400177e+000	-6.777044e-003
4.610612374389753e+000	2.459250e+000	-6.783725e-003
4.619346254573290e+000	2.493693e+000	-6.698338e-003
4.630395619820636e+000	2.494256e+000	-6.475551e-003
4.641283190735116e+000	2.447845e+000	-6.121996e-003
4.658942975679480e+000	2.276007e+000	-5.276897e-003
4.687129140827596e+000	1.775986e+000	-3.482138e-003
4.716426015827596e+000	1.023744e+000	-1.241750e-003
4.738697551124922e+000	3.538843e-001	6.036596e-004
4.761754275640683e+000	-3.679301e-001	2.471552e-003
4.785474785081743e+000	-1.077925e+000	4.144841e-003
4.814771660081743e+000	-1.817503e+000	5.674182e-003
4.844068535081743e+000	-2.313510e+000	6.609874e-003
4.854383391351258e+000	-2.416568e+000	6.742712e-003
4.862076433198756e+000	-2.467104e+000	6.726888e-003
4.871123431270223e+000	-2.497034e+000	6.617732e-003
4.881058187988163e+000	-2.492759e+000	6.397794e-003
4.892360983973378e+000	-2.440741e+000	6.009250e-003
4.910682886680821e+000	-2.252850e+000	5.100079e-003
4.939859297098892e+000	-1.714587e+000	3.194414e-003
4.969156172098892e+000	-9.449072e-001	9.217922e-004
4.991403140493525e+000	-2.695533e-001	-9.270590e-004
5.014215915388762e+000	4.442345e-001	-2.753806e-003
5.039389833923921e+000	1.187551e+000	-4.477083e-003
5.068686708923921e+000	1.899723e+000	-5.948334e-003
5.092837412295188e+000	2.298576e+000	-6.680069e-003
5.103476898934392e+000	2.409115e+000	-6.809505e-003
5.111394106317772e+000	2.463548e+000	-6.796432e-003
5.120294144398440e+000	2.495630e+000	-6.690200e-003
5.130749197664191e+000	2.493478e+000	-6.458574e-003
5.141858383451138e+000	2.444110e+000	-6.076216e-003
5.159871764594814e+000	2.263780e+000	-5.180875e-003
5.188587797221422e+000	1.743438e+000	-3.302582e-003
5.217884672221422e+000	9.817672e-001	-1.021978e-003
5.240196647968193e+000	3.072030e-001	8.448348e-004
5.263165005619884e+000	-4.117068e-001	2.705428e-003
5.288009984359694e+000	-1.149228e+000	4.436906e-003
5.317306859359694e+000	-1.871260e+000	5.946053e-003
5.342272517840149e+000	-2.291539e+000	6.732898e-003
5.353061896924424e+000	-2.405599e+000	6.874435e-003
5.361082087925407e+000	-2.461861e+000	6.866482e-003
5.369915517002323e+000	-2.494899e+000	6.765489e-003
5.380608018686885e+000	-2.493795e+000	6.532930e-003
5.391628724873762e+000	-2.445616e+000	6.157490e-003
5.409500989653314e+000	-2.268698e+000	5.274032e-003
5.438005840361992e+000	-1.756494e+000	3.414872e-003
5.467302715361992e+000	-9.985548e-001	1.134627e-003
5.489623185921324e+000	-3.250741e-001	-7.378166e-004
5.512667564659814e+000	3.962847e-001	-2.616808e-003
5.537043603853370e+000	1.122182e+000	-4.335770e-003
5.566340478853370e+000	1.850990e+000	-5.873889e-003
5.591873780671734e+000	2.286502e+000	-6.705570e-003
5.602769324781524e+000	2.403081e+000	-6.858654e-003
5.610862256386105e+000	2.460650e+000	-6.856841e-003
5.619648985811750e+000	2.494350e+000	-6.762376e-003
5.630508594048592e+000	2.494013e+000	-6.533093e-003
5.641466982222161e+000	2.446666e+000	-6.166616e-003
5.659239810447320e+000	2.272133e+000	-5.298698e-003
5.687595627565040e+000	1.765641e+000	-3.465251e-003
5.716892502565040e+000	1.010356e+000	-1.198450e-003
5.739202177771382e+000	3.381836e-001	6.665278e-004
5.762266426420844e+000	-3.838369e-001	2.545895e-003
5.786308274716798e+000	-1.101492e+000	4.246054e-003
5.815605149716798e+000	-1.835383e+000	5.794829e-003
5.841568600134655e+000	-2.282609e+000	6.652363e-003
5.852545603915538e+000	-2.401134e+000	6.811045e-003
5.860694236087010e+000	-2.459711e+000	6.811784e-003
5.869445402101224e+000	-2.493912e+000	6.720108e-003
5.880432625540421e+000	-2.494177e+000	6.491057e-003
5.891343394041011e+000	-2.447460e+000	6.129347e-003
5.909040213788780e+000	-2.274741e+000	5.270793e-003
5.937281985902057e+000	-1.772603e+000	3.454760e-003
5.966578860902057e+000	-1.019361e+000	1.198046e-003
5.988880050946212e+000	-3.482077e-001	-6.598164e-004
6.011951321747066e+000	3.740520e-001	-2.535270e-003
6.035954195865446e+000	1.091495e+000	-4.230339e-003
6.065251070865446e+000	1.827812e+000	-5.777602e-003
6.091421088219256e+000	2.280715e+000	-6.640885e-003
6.102437530288193e+000	2.400186e+000	-6.799332e-003
6.110613094367383e+000	2.459254e+000	-6.799100e-003
6.119347126462585e+000	2.493695e+000	-6.706400e-003
6.130395945267558e+000	2.494255e+000	-6.474516e-003
6.141283720196484e+000	2.447842e+000	-6.112223e-003
6.158943830870891e+000	2.275995e+000	-5.253688e-003
6.187130485206858e+000	1.775956e+000	-3.439389e-003
6.216427360206858e+000	1.023705e+000	-1.181370e-003
6.238741377319813e+000	3.525213e-001	6.784062e-004
6.261826686982662e+000	-3.701801e-001	2.555613e-003
6.285921367997193e+000	-1.090567e+000	4.257268e-003
6.315218242997193e+000	-1.827108e+000	5.803421e-003
6.341407393221455e+000	-2.280539e+000	6.665166e-003
6.352427498862122e+000	-2.400098e+000	6.822450e-003
6.360605563580014e+000	-2.459212e+000	6.821149e-003
6.369338006820743e+000	-2.493675e+000	6.727223e-003
6.380392541191182e+000	-2.494262e+000	6.493539e-003
6.391278182187902e+000	-2.447877e+000	6.129571e-003
6.408934885800603e+000	-2.276112e+000	5.268211e-003
6.437116423246097e+000	-1.776267e+000	3.449281e-003
6.466413298246097e+000	-1.024108e+000	1.185963e-003
6.488742960915954e+000	-3.524720e-001	-6.791218e-004
6.511841975961252e+000	3.706551e-001	-2.561310e-003
6.535949652999316e+000	1.091367e+000	-4.267392e-003
6.565246527999316e+000	1.827715e+000	-5.817079e-003
6.591419193234161e+000	2.280690e+000	-6.680865e-003
6.602436142212192e+000	2.400174e+000	-6.839026e-003
6.610612052303408e+000	2.459249e+000	-6.838331e-003
6.619345864529025e+000	2.493692e+000	-6.744961e-003
6.630395474230105e+000	2.494256e+000	-6.511996e-003
6.641282953877545e+000	2.447847e+000	-6.148421e-003
6.658942593104566e+000	2.276012e+000	-5.287316e-003
6.687128539410843e+000	1.775999e+000	-3.468057e-003
6.716425414410843e+000	1.023761e+000	-1.203978e-003
6.738756691031007e+000	3.520450e-001	6.623162e-004
6.761859413105440e+000	-3.711968e-001	2.546554e-003
6.785891551345074e+000	-1.089724e+000	4.249792e-003
6.815188426345074e+000	-1.826469e+000	5.803281e-003
6.841394951674485e+000	-2.280378e+000	6.672102e-003
6.852418385887344e+000	-2.400018e+000	6.831984e-003
6.860598722411590e+000	-2.459173e+000	6.832439e-003
6.869329722493579e+000	-2.493656e+000	6.740292e-003
6.880389448871124e+000	-2.494269e+000	6.508598e-003
6.891273151362676e+000	-2.447909e+000	6.146599e-003
6.908926759897452e+000	-2.276217e+000	5.288082e-003
6.937103648817967e+000	-1.776550e+000	3.472894e-003
6.966400523817967e+000	-1.024474e+000	1.212058e-003
6.988724482433978e+000	-3.530467e-001	-6.516049e-004
7.011823869973945e+000	3.700926e-001	-2.534231e-003
7.035802113839488e+000	1.087195e+000	-4.233172e-003
7.065098988839488e+000	1.824549e+000	-5.787008e-003
7.091357616465676e+000	2.279897e+000	-6.658464e-003
7.102391041013216e+000	2.399777e+000	-6.818895e-003
7.110578195123786e+000	2.459057e+000	-6.819608e-003
7.119304866070133e+000	2.493600e+000	-6.727775e-003
7.130380170394406e+000	2.494288e+000	-6.496128e-003
7.141258056389113e+000	2.448006e+000	-6.134775e-003
7.158902377909851e+000	2.276534e+000	-5.277617e-003
7.187065317514265e+000	1.777397e+000	-3.465113e-003
7.216362192514265e+000	1.025573e+000	-1.206317e-003
7.238682801535603e+000	3.543430e-001	6.555233e-004
7.261780296368968e+000	-3.687387e-001	2.536501e-003
7.285773982559918e+000	-1.086399e+000	4.235126e-003
7.315070857559918e+000	-1.823945e+000	5.787271e-003
7.341345868317840e+000	-2.279746e+000	6.657709e-003
7.352382437047195e+000	-2.399701e+000	6.817515e-003
7.360571736499058e+000	-2.459020e+000	6.817714e-003
7.369297045696722e+000	-2.493583e+000	6.725346e-003
7.380377251111021e+000	-2.494295e+000	6.492918e-003
7.391253307054172e+000	-2.448036e+000	6.131001e-003
7.408894706524083e+000	-2.276634e+000	5.273080e-003
7.437053256807593e+000	-1.777663e+000	3.459661e-003
7.466350131807593e+000	-1.025918e+000	1.199883e-003
7.488674126696597e+000	-3.546128e-001	-6.627816e-004
7.511773759340330e+000	3.685355e-001	-2.544173e-003
7.535802705171530e+000	1.087211e+000	-4.245138e-003
7.565099580171530e+000	1.824562e+000	-5.796592e-003
7.591357863391820e+000	2.279901e+000	-6.665488e-003
7.602391221856846e+000	2.399779e+000	-6.824792e-003
7.610578330876360e+000	2.459058e+000	-6.824652e-003
7.619305030446855e+000	2.493601e+000	-6.731903e-003
7.630380231754562e+000	2.494288e+000	-6.499095e-003
7.641258156214909e+000	2.448005e+000	-6.136608e-003
7.658902539153554e+000	2.276532e+000	-5.277656e-003
7.687065571014384e+000	1.777391e+000	-3.462438e-003
7.716362446014384e+000	1.025565e+000	-1.201066e-003
7.738690108248805e+000	3.541158e-001	6.630562e-004
7.761792280675103e+000	-3.691111e-001	2.545694e-003
7.785824929371381e+000	-1.087840e+000	4.247788e-003
7.815121804371381e+000	-1.825039e+000	5.800093e-003
7.841367142936266e+000	-2.280020e+000	6.669194e-003
7.852398018089638e+000	-2.399838e+000	6.828712e-003
7.860583432587593e+000	-2.459087e+000	6.828757e-003
7.869311207935003e+000	-2.493615e+000	6.736187e-003
7.880382537736919e+000	-2.494283e+000	6.503680e-003
7.891261907777034e+000	-2.447981e+000	6.141320e-003
7.908908598855910e+000	-2.276453e+000	5.282449e-003
7.937075097745148e+000	-1.777181e+000	3.467125e-003
7.966371972745148e+000	-1.025292e+000	1.205695e-003
7.988699268247584e+000	-3.538309e-001	-6.585562e-004
8.011801494629658e+000	3.693973e-001	-2.541516e-003
8.035813425619862e+000	1.087515e+000	-4.242651e-003
8.065110300619862e+000	1.824792e+000	-5.795801e-003
8.091362339815513e+000	2.279958e+000	-6.666053e-003
8.102394500317907e+000	2.399807e+000	-6.825990e-003
8.110580791902684e+000	2.459072e+000	-6.826329e-003
8.119308010406524e+000	2.493608e+000	-6.734074e-003
8.130381344140513e+000	2.494286e+000	-6.501919e-003
8.141259965936397e+000	2.447994e+000	-6.139973e-003
8.158905462304967e+000	2.276494e+000	-5.281790e-003
8.187070166647223e+000	1.777290e+000	-3.467563e-003
8.216367041647223e+000	1.025434e+000	-1.207085e-003
8.238692028007030e+000	3.540561e-001	6.563446e-004
8.261792882619806e+000	-3.691298e-001	2.538712e-003
8.285793176115108e+000	-1.086942e+000	4.238739e-003
8.315090051115108e+000	-1.824357e+000	5.791771e-003
8.341353884159199e+000	-2.279849e+000	6.662460e-003
8.352388307563013e+000	-2.399753e+000	6.822462e-003
8.360576143230061e+000	-2.459045e+000	6.822819e-003
8.369302381532899e+000	-2.493595e+000	6.730597e-003
8.380379242940101e+000	-2.494290e+000	6.498408e-003
8.391256547529192e+000	-2.448015e+000	6.136571e-003
8.408899940720630e+000	-2.276566e+000	5.278649e-003
8.437061485864346e+000	-1.777481e+000	3.464985e-003
8.466358360864346e+000	-1.025682e+000	1.204955e-003
8.488682613990735e+000	-3.543488e-001	-6.580474e-004
8.511782923188179e+000	3.688203e-001	-2.539979e-003
8.535790458858759e+000	1.086865e+000	-4.240104e-003
8.565087333858759e+000	1.824299e+000	-5.792596e-003
8.591352749412549e+000	2.279835e+000	-6.662814e-003
8.602387476507579e+000	2.399745e+000	-6.822597e-003
8.610575519391414e+000	2.459042e+000	-6.822788e-003
8.619301626160738e+000	2.493593e+000	-6.730393e-003
8.630378960966111e+000	2.494291e+000	-6.497976e-003
8.641256088790323e+000	2.448018e+000	-6.135940e-003
8.658899199740965e+000	2.276575e+000	-5.277723e-003
8.687060320922367e+000	1.777507e+000	-3.463653e-003
8.716357195922367e+000	1.025716e+000	-1.203245e-003
8.738682545137376e+000	3.543510e-001	6.600711e-004
8.761783487017212e+000	-3.688378e-001	2.542180e-003
8.785800968103430e+000	-1.087162e+000	4.243010e-003
8.815097843103430e+000	-1.824524e+000	5.795352e-003
8.841357138030704e+000	-2.279891e+000	6.665125e-003
8.852390690617613e+000	-2.399774e+000	6.824780e-003
8.860577932094992e+000	-2.459055e+000	6.824891e-003
8.869304547580542e+000	-2.493600e+000	6.732403e-003
8.880380051505442e+000	-2.494289e+000	6.499909e-003
8.891257862970669e+000	-2.448007e+000	6.137725e-003
8.908902065490498e+000	-2.276538e+000	5.279229e-003
8.937064826342327e+000	-1.777408e+000	3.464656e-003
8.966361701342327e+000	-1.025587e+000	1.203819e-003
8.988687968106300e+000	-3.541823e-001	-6.598887e-004
9.011789528347808e+000	3.690255e-001	-2.542339e-003
9.035806802056815e+000	1.087327e+000	-4.243408e-003
9.065103677056815e+000	1.824650e+000	-5.796017e-003
9.091359574124859e+000	2.279923e+000	-6.665895e-003
9.102392474765779e+000	2.399790e+000	-6.825629e-003
9.110579271389636e+000	2.459063e+000	-6.825807e-003
9.119306169274367e+000	2.493603e+000	-6.733384e-003
9.130380656866855e+000	2.494287e+000	-6.500994e-003
9.141258847822833e+000	2.448001e+000	-6.138869e-003
9.158903656273406e+000	2.276517e+000	-5.280435e-003
9.187067327297783e+000	1.777352e+000	-3.465896e-003
9.216364202297783e+000	1.025515e+000	-1.205105e-003
9.238690204116386e+000	3.541128e-001	6.585811e-004
9.261791657260678e+000	-3.690917e-001	2.541072e-003
9.285802804878738e+000	-1.087214e+000	4.241816e-003
9.315099679878738e+000	-1.824564e+000	5.794632e-003
9.341357905027067e+000	-2.279901e+000	6.664828e-003
9.352391252349657e+000	-2.399779e+000	6.824675e-003
9.360578353766181e+000	-2.459058e+000	6.824929e-003
9.369305058163121e+000	-2.493601e+000	6.732591e-003
9.380380242100761e+000	-2.494288e+000	6.500292e-003
9.391258173046966e+000	-2.448005e+000	6.138281e-003
9.408902566341546e+000	-2.276532e+000	5.280043e-003
9.437065613758115e+000	-1.777390e+000	3.465824e-003
9.466362488758115e+000	-1.025564e+000	1.205312e-003
9.488687826809763e+000	-3.541867e-001	-6.581284e-004
9.511788867029777e+000	3.690050e-001	-2.540431e-003
9.535797504143547e+000	1.087064e+000	-4.240893e-003
9.565094379143547e+000	1.824450e+000	-5.793638e-003
9.591355691531192e+000	2.279873e+000	-6.663909e-003
9.602389631234809e+000	2.399765e+000	-6.823756e-003
9.610577136857216e+000	2.459051e+000	-6.824004e-003
9.619303584665039e+000	2.493598e+000	-6.731662e-003
9.630379692058412e+000	2.494289e+000	-6.499338e-003
9.641257278192329e+000	2.448011e+000	-6.137341e-003
9.658901120926284e+000	2.276550e+000	-5.279150e-003
9.687063341338167e+000	1.777440e+000	-3.465049e-003
9.716360216338167e+000	1.025629e+000	-1.204628e-003
9.738685432355744e+000	3.542612e-001	6.587209e-004
9.761786364027385e+000	-3.689272e-001	2.540920e-003
9.785797612692264e+000	-1.087067e+000	4.241456e-003
9.815094487692264e+000	-1.824452e+000	5.794046e-003
9.841355736860104e+000	-2.279873e+000	6.664159e-003
9.852389664432595e+000	-2.399765e+000	6.823939e-003
9.860577161777488e+000	-2.459051e+000	6.824138e-003
9.869303614839767e+000	-2.493598e+000	6.731743e-003
9.880379703322353e+000	-2.494289e+000	6.499355e-003
9.891257296517447e+000	-2.448010e+000	6.137296e-003
9.908901150525969e+000	-2.276550e+000	5.279006e-003
9.937063387873593e+000	-1.777439e+000	3.464763e-003
9.966360262873593e+000	-1.025628e+000	1.204213e-003
9.988685827706419e+000	-3.542489e-001	-6.592450e-004
1.001178696358374e+001	3.689458e-001	-2.541513e-003
1.003580083251529e+001	1.087158e+000	-4.242252e-003
1.006509770751529e+001	1.824521e+000	-5.794819e-003
1.009135708141173e+001	2.279891e+000	-6.664820e-003
1.010239064915111e+001	2.399774e+000	-6.824572e-003
1.011057790096766e+001	2.459055e+000	-6.824753e-003
1.011930450988989e+001	2.493600e+000	-6.732340e-003
1.013038003743590e+001	2.494289e+000	-6.499938e-003
1.014125784008116e+001	2.448007e+000	-6.137842e-003
1.015890202851820e+001	2.276539e+000	-5.279484e-003
1.018706476821608e+001	1.777409e+000	-3.465109e-003
1.021636164321608e+001	1.025588e+000	-1.204449e-003
1.023868743065969e+001	3.541990e-001	6.591105e-004
1.026178871983306e+001	-3.690004e-001	2.541471e-003
1.028580212832784e+001	-1.087195e+000	4.242250e-003
1.031509900332784e+001	-1.824549e+000	5.794902e-003
1.034135762251568e+001	-2.279897e+000	6.664951e-003
1.035239104544411e+001	-2.399777e+000	6.824730e-003
1.036057819844989e+001	-2.459057e+000	6.824934e-003
1.036930487009757e+001	-2.493600e+000	6.732544e-003
1.038038017189781e+001	-2.494288e+000	6.500176e-003
1.039125805883497e+001	-2.448006e+000	6.138104e-003
1.040890238186052e+001	-2.276534e+000	5.279774e-003
1.043706532372534e+001	-1.777397e+000	3.465429e-003
1.046636219872534e+001	-1.025572e+000	1.204800e-003
1.048868787099537e+001	-3.541853e-001	-6.587368e-004
1.051178910285454e+001	3.690123e-001	-2.541095e-003
1.053580073370753e+001	1.087156e+000	-4.241770e-003
1.056509760870753e+001	1.824519e+000	-5.794471e-003
1.059135704015149e+001	2.279890e+000	-6.664608e-003
1.060239061893301e+001	2.399773e+000	-6.824417e-003
1.061057787828408e+001	2.459055e+000	-6.824641e-003
1.061930448242340e+001	2.493600e+000	-6.732272e-003
1.063038002718293e+001	2.494289e+000	-6.499926e-003
1.064125782340078e+001	2.448007e+000	-6.137885e-003
1.065890200157518e+001	2.276539e+000	-5.279610e-003
1.068706472585745e+001	1.777410e+000	-3.465357e-003
1.071636160085745e+001	1.025589e+000	-1.204808e-003
1.073868708991693e+001	3.542096e-001	6.586583e-004
1.076178820514134e+001	-3.689844e-001	2.540960e-003
1.078579935470970e+001	-1.087117e+000	4.241566e-003
1.081509622970970e+001	-1.824490e+000	5.794237e-003
1.084135646430526e+001	-2.279882e+000	6.664383e-003
1.085239019719617e+001	-2.399770e+000	6.824187e-003
1.086057756170237e+001	-2.459053e+000	6.824406e-003
1.086930409908946e+001	-2.493599e+000	6.732033e-003
1.088037988408813e+001	-2.494289e+000	6.499676e-003
1.089125759060226e+001	-2.448009e+000	6.137635e-003
1.090890162554703e+001	-2.276544e+000	5.279365e-003
1.093706413468206e+001	-1.777423e+000	3.465134e-003
1.096636100968206e+001	-1.025606e+000	1.204600e-003
1.098868649011816e+001	-3.542283e-001	-6.588501e-004
1.101178759028348e+001	3.689653e-001	-2.541129e-003
1.103579960589004e+001	1.087124e+000	-4.241768e-003
1.106509648089004e+001	1.824495e+000	-5.794397e-003
1.109135656919435e+001	2.279884e+000	-6.664494e-003
1.110239027401454e+001	2.399770e+000	-6.824279e-003
1.111057761936696e+001	2.459054e+000	-6.824483e-003
1.111930416891278e+001	2.493599e+000	-6.732095e-003
1.113037991015250e+001	2.494289e+000	-6.499720e-003
1.114125763300594e+001	2.448008e+000	-6.137659e-003
1.115890169403964e+001	2.276543e+000	-5.279360e-003
1.118706424236325e+001	1.777421e+000	-3.465082e-003
1.121636111736325e+001	1.025603e+000	-1.204506e-003
1.123868670460328e+001	3.542216e-001	6.589791e-004
1.126178786871948e+001	-3.689740e-001	2.541282e-003
1.128580054342129e+001	-1.087150e+000	4.241977e-003
1.131509741842129e+001	-1.824515e+000	5.794606e-003
1.134135696069150e+001	-2.279889e+000	6.664677e-003
1.135239056073826e+001	-2.399773e+000	6.824456e-003
1.136057783459950e+001	-2.459055e+000	6.824658e-003
1.136930442952776e+001	-2.493599e+000	6.732265e-003
1.138038000743751e+001	-2.494289e+000	6.499889e-003
1.139125779127729e+001	-2.448007e+000	6.137821e-003
1.140890194968768e+001	-2.276540e+000	5.279505e-003
1.143706464428216e+001	-1.777412e+000	3.465194e-003
1.146636151928216e+001	-1.025592e+000	1.204592e-003
1.148868715727239e+001	-3.542075e-001	-6.589185e-004
1.151178835775954e+001	3.689892e-001	-2.541246e-003
1.153580079125833e+001	1.087157e+000	-4.241945e-003
1.156509766625833e+001	1.824521e+000	-5.794599e-003
1.159135706418361e+001	2.279890e+000	-6.664688e-003
1.160239063653361e+001	2.399773e+000	-6.824477e-003
1.161057789149619e+001	2.459055e+000	-6.824685e-003
1.161930449842132e+001	2.493600e+000	-6.732301e-003
1.163038003315480e+001	2.494289e+000	-6.499935e-003
1.164125783311631e+001	2.448007e+000	-6.137875e-003
1.165890201726821e+001	2.276539e+000	-5.279570e-003
1.168706475052934e+001	1.777409e+000	-3.465274e-003
1.171636162552934e+001	1.025589e+000	-1.204685e-003
1.173868722078222e+001	3.542055e-001	6.588148e-004
1.176178839823650e+001	-3.689904e-001	2.541137e-003
1.178580033149587e+001	-1.087144e+000	4.241804e-003
1.181509720649587e+001	-1.824511e+000	5.794470e-003
1.184135687219527e+001	-2.279888e+000	6.664583e-003
1.185239049592558e+001	-2.399772e+000	6.824378e-003
1.186057778594709e+001	-2.459055e+000	6.824592e-003
1.186930437061682e+001	-2.493599e+000	6.732213e-003
1.188037998544664e+001	-2.494289e+000	6.499853e-003
1.189125775550071e+001	-2.448008e+000	6.137800e-003
1.190890189189951e+001	-2.276540e+000	5.279510e-003
1.193706455343009e+001	-1.777414e+000	3.465240e-003
1.196636142843009e+001	-1.025594e+000	1.204673e-003
1.198868697487428e+001	-3.542132e-001	-6.588071e-004
1.201178812058628e+001	3.689818e-001	-2.541113e-003
1.203579998594532e+001	1.087134e+000	-4.241765e-003
1.206509686094532e+001	1.824503e+000	-5.794419e-003
1.209135672789930e+001	2.279886e+000	-6.664531e-003
1.210239039024645e+001	2.399771e+000	-6.824324e-003
1.211057770661780e+001	2.459054e+000	-6.824536e-003
1.211930427456070e+001	2.493599e+000	-6.732155e-003
1.213037994958983e+001	2.494289e+000	-6.499790e-003
1.214125769716588e+001	2.448008e+000	-6.137737e-003
1.215890179767409e+001	2.276542e+000	-5.279446e-003
1.218706440529292e+001	1.777417e+000	-3.465177e-003
1.221636128029292e+001	1.025599e+000	-1.204612e-003
1.223868683169795e+001	3.542176e-001	6.588664e-004
1.226178797776255e+001	-3.689774e-001	2.541168e-003
1.228580011573091e+001	-1.087138e+000	4.241832e-003
1.231509699073091e+001	-1.824506e+000	5.794475e-003
1.234135678209557e+001	-2.279887e+000	6.664572e-003
1.235239042993858e+001	-2.399772e+000	6.824360e-003
1.236057773641316e+001	-2.459054e+000	6.824568e-003
1.236930431063851e+001	-2.493599e+000	6.732182e-003
1.238037996305732e+001	-2.494289e+000	6.499813e-003
1.239125771907592e+001	-2.448008e+000	6.137754e-003
1.240890183306430e+001	-2.276541e+000	5.279454e-003
1.243706446093190e+001	-1.777416e+000	3.465171e-003
1.246636133593190e+001	-1.025597e+000	1.204593e-003
1.248868691888116e+001	-3.542149e-001	-6.588962e-004
1.251178808422983e+001	3.689807e-001	-2.541206e-003
1.253580037934921e+001	1.087146e+000	-4.241885e-003
1.256509725434921e+001	1.824512e+000	-5.794530e-003
1.259135689217797e+001	2.279888e+000	-6.664621e-003
1.260239051056047e+001	2.399772e+000	-6.824408e-003
1.261057779693294e+001	2.459055e+000	-6.824615e-003
1.261930438391908e+001	2.493599e+000	-6.732229e-003
1.263037999041224e+001	2.494289e+000	-6.499860e-003
1.264125776357917e+001	2.448008e+000	-6.137800e-003
1.265890190494824e+001	2.276540e+000	-5.279496e-003
1.268706457394474e+001	1.777413e+000	-3.465206e-003
1.271636144894474e+001	1.025594e+000	-1.204622e-003
1.273868704235630e+001	3.542111e-001	6.588733e-004
1.276178821571084e+001	-3.689848e-001	2.541189e-003
1.278580041348827e+001	-1.087147e+000	4.241867e-003
1.281509728848827e+001	-1.824512e+000	5.794519e-003
1.284135690643383e+001	-2.279888e+000	6.664617e-003
1.285239052100115e+001	-2.399772e+000	6.824407e-003
1.286057780477036e+001	-2.459055e+000	6.824617e-003
1.286930439340904e+001	-2.493599e+000	6.732233e-003
1.288037999395475e+001	-2.494289e+000	6.499867e-003
1.289125776934242e+001	-2.448008e+000	6.137809e-003
1.290890191425734e+001	-2.276540e+000	5.279510e-003
1.293706458858012e+001	-1.777413e+000	3.465225e-003
1.296636146358012e+001	-1.025593e+000	1.204646e-003
1.298868704243985e+001	-3.542111e-001	-6.588455e-004
1.301178820757846e+001	3.689845e-001	-2.541159e-003
1.303580026911651e+001	1.087142e+000	-4.241827e-003
1.306509714411651e+001	1.824509e+000	-5.794482e-003
1.309135684614675e+001	2.279887e+000	-6.664586e-003
1.310239047684823e+001	2.399772e+000	-6.824377e-003
1.311057777162644e+001	2.459054e+000	-6.824588e-003
1.311930435327662e+001	2.493599e+000	-6.732206e-003
1.313037997897371e+001	2.494289e+000	-6.499841e-003
1.314125774497002e+001	2.448008e+000	-6.137785e-003
1.315890187488980e+001	2.276541e+000	-5.279489e-003
1.318706452668815e+001	1.777414e+000	-3.465212e-003
1.321636140168815e+001	1.025595e+000	-1.204638e-003
1.323868696804037e+001	3.542134e-001	6.588474e-004
1.326178812484563e+001	-3.689819e-001	2.541156e-003
1.328580018698361e+001	-1.087140e+000	4.241821e-003
1.331509706198361e+001	-1.824508e+000	5.794473e-003
1.334135681184947e+001	-2.279887e+000	6.664575e-003
1.335239045172967e+001	-2.399772e+000	6.824365e-003
1.336057775277090e+001	-2.459054e+000	6.824575e-003
1.336930433044533e+001	-2.493599e+000	6.732192e-003
1.338037997045102e+001	-2.494289e+000	6.499826e-003
1.339125773110459e+001	-2.448008e+000	6.137769e-003
1.340890185249363e+001	-2.276541e+000	5.279473e-003
1.343706449147786e+001	-1.777415e+000	3.465195e-003
1.346636136647786e+001	-1.025596e+000	1.204621e-003
1.348868693627392e+001	-3.542144e-001	-6.588651e-004
1.351178809447500e+001	3.689810e-001	-2.541174e-003
1.353580023900399e+001	1.087142e+000	-4.241842e-003
1.356509711400399e+001	1.824509e+000	-5.794491e-003
1.359135683357228e+001	2.279887e+000	-6.664589e-003
1.360239046763897e+001	2.399772e+000	-6.824378e-003
1.361057776471341e+001	2.459054e+000	-6.824587e-003
1.361930434490595e+001	2.493599e+000	-6.732203e-003
1.363037997584902e+001	2.494289e+000	-6.499835e-003
1.364125773988651e+001	2.448008e+000	-6.137777e-003
1.365890186667865e+001	2.276541e+000	-5.279478e-003
1.368706451377894e+001	1.777415e+000	-3.465196e-003
1.371636138877894e+001	1.025596e+000	-1.204618e-003
1.373868696758714e+001	3.542134e-001	6.588714e-004
1.376178813140273e+001	-3.689821e-001	2.541183e-003
1.378580031070027e+001	-1.087144e+000	4.241855e-003
1.381509718570027e+001	-1.824510e+000	5.794504e-003
1.384135686351139e+001	-2.279888e+000	6.664602e-003
1.385239048956571e+001	-2.399772e+000	6.824391e-003
1.386057778117297e+001	-2.459055e+000	6.824600e-003
1.386930436483607e+001	-2.493599e+000	6.732216e-003
1.388037998328874e+001	-2.494289e+000	6.499848e-003
1.389125775199006e+001	-2.448008e+000	6.137790e-003
1.390890188622893e+001	-2.276541e+000	5.279490e-003
1.393706454451505e+001	-1.777414e+000	3.465206e-003
1.396636141951505e+001	-1.025595e+000	1.204627e-003
1.398868700009309e+001	-3.542124e-001	-6.588635e-004
1.401178816545654e+001	3.689832e-001	-2.541176e-003
1.403580030991164e+001	1.087144e+000	-4.241848e-003
1.406509718491164e+001	1.824510e+000	-5.794499e-003
1.409135686318207e+001	2.279888e+000	-6.664598e-003
1.410239048932452e+001	2.399772e+000	-6.824389e-003
1.411057778099192e+001	2.459055e+000	-6.824598e-003
1.411930436461684e+001	2.493599e+000	-6.732214e-003
1.413037998320691e+001	2.494289e+000	-6.499848e-003
1.414125775185693e+001	2.448008e+000	-6.137791e-003
1.415890188601388e+001	2.276541e+000	-5.279492e-003
1.418706454417696e+001	1.777414e+000	-3.465210e-003
1.421636141917696e+001	1.025595e+000	-1.204633e-003
1.423868699508026e+001	3.542126e-001	6.588563e-004
1.426178815771453e+001	-3.689829e-001	2.541168e-003
1.428580026635795e+001	-1.087142e+000	4.241837e-003
1.431509714135795e+001	-1.824509e+000	5.794488e-003
1.434135684499482e+001	-2.279887e+000	6.664590e-003
1.435239047600458e+001	-2.399772e+000	6.824380e-003
1.436057777099315e+001	-2.459054e+000	6.824590e-003
1.436930435250979e+001	-2.493599e+000	6.732206e-003
1.438037997868746e+001	-2.494289e+000	6.499840e-003
1.439125774450433e+001	-2.448008e+000	6.137783e-003
1.440890187413758e+001	-2.276541e+000	5.279486e-003
1.443706452550555e+001	-1.777414e+000	3.465206e-003
1.446636140050555e+001	-1.025595e+000	1.204630e-003
1.448868697335247e+001	-3.542133e-001	-6.588580e-004
1.451178813388564e+001	3.689822e-001	-2.541168e-003
1.453580024826931e+001	1.087142e+000	-4.241837e-003
1.456509712326931e+001	1.824509e+000	-5.794487e-003
1.459135683744132e+001	2.279887e+000	-6.664588e-003
1.460239047047256e+001	2.399772e+000	-6.824378e-003
1.461057776684048e+001	2.459054e+000	-6.824587e-003
1.461930434748152e+001	2.493599e+000	-6.732204e-003
1.463037997681046e+001	2.494289e+000	-6.499837e-003
1.464125774145066e+001	2.448008e+000	-6.137779e-003
1.465890186920514e+001	2.276541e+000	-5.279482e-003
1.468706451775097e+001	1.777414e+000	-3.465201e-003
1.471636139275097e+001	1.025595e+000	-1.204625e-003
1.473868696711662e+001	3.542134e-001	6.588630e-004
1.476178812839490e+001	-3.689820e-001	2.541173e-003
1.478580026681863e+001	-1.087142e+000	4.241843e-003
1.481509714181863e+001	-1.824509e+000	5.794493e-003
1.484135684518719e+001	-2.279887e+000	6.664592e-003
1.485239047614547e+001	-2.399772e+000	6.824382e-003
1.486057777109891e+001	-2.459054e+000	6.824591e-003
1.486930435263786e+001	-2.493599e+000	6.732207e-003
1.488037997873527e+001	-2.494289e+000	6.499840e-003
1.489125774458210e+001	-2.448008e+000	6.137783e-003
1.490890187426320e+001	-2.276541e+000	5.279484e-003
1.493706452570305e+001	-1.777414e+000	3.465202e-003
1.496636140070305e+001	-1.025595e+000	1.204625e-003
1.498868697756234e+001	-3.542131e-001	-6.588642e-004
1.501178814042058e+001	3.689824e-001	-2.541175e-003
1.503580028563677e+001	1.087143e+000	-4.241846e-003
1.506509716063677e+001	1.824510e+000	-5.794496e-003
1.509135685304532e+001	2.279887e+000	-6.664595e-003
1.510239048190058e+001	2.399772e+000	-6.824385e-003
1.511057777541906e+001	2.459055e+000	-6.824594e-003
1.511930435786892e+001	2.493599e+000	-6.732211e-003
1.513037998068797e+001	2.494289e+000	-6.499844e-003
1.514125774775892e+001	2.448008e+000	-6.137786e-003
1.515890187939457e+001	2.276541e+000	-5.279487e-003
1.518706453377036e+001	1.777414e+000	-3.465205e-003
1.521636140877036e+001	1.025595e+000	-1.204628e-003
1.523868698578084e+001	3.542129e-001	6.588617e-004
1.526178814885913e+001	-3.689827e-001	2.541173e-003
1.528580028248231e+001	-1.087143e+000	4.241843e-003
1.531509715748231e+001	-1.824510e+000	5.794494e-003
1.534135685172807e+001	-2.279887e+000	6.664594e-003
1.535239048093586e+001	-2.399772e+000	6.824384e-003
1.536057777469488e+001	-2.459055e+000	6.824594e-003
1.536930435699205e+001	-2.493599e+000	6.732210e-003
1.538037998036065e+001	-2.494289e+000	6.499843e-003
1.539125774722640e+001	-2.448008e+000	6.137786e-003
1.540890187853441e+001	-2.276541e+000	5.279487e-003
1.543706453241805e+001	-1.777414e+000	3.465206e-003
1.546636140741805e+001	-1.025595e+000	1.204629e-003
1.548868698299327e+001	-3.542130e-001	-6.588598e-004
1.551178814520857e+001	3.689826e-001	-2.541171e-003
1.553580026979786e+001	1.087142e+000	-4.241840e-003
1.556509714479786e+001	1.824509e+000	-5.794491e-003
1.559135684643127e+001	2.279887e+000	-6.664591e-003
1.560239047705660e+001	2.399772e+000	-6.824382e-003
1.561057777178286e+001	2.459054e+000	-6.824591e-003
1.561930435346602e+001	2.493599e+000	-6.732207e-003
1.563037997904441e+001	2.494289e+000	-6.499841e-003
1.564125774508504e+001	2.448008e+000	-6.137784e-003
1.565890187507558e+001	2.276541e+000	-5.279486e-003
1.568706452698023e+001	1.777414e+000	-3.465204e-003
1.571636140198023e+001	1.025595e+000	-1.204628e-003
1.573868697685595e+001	3.542131e-001	6.588606e-004
1.576178813856634e+001	-3.689823e-001	2.541171e-003
1.578580026629651e+001	-1.087142e+000	4.241841e-003
1.581509714129651e+001	-1.824509e+000	5.794492e-003
1.584135684496916e+001	-2.279887e+000	6.664591e-003
1.585239047598579e+001	-2.399772e+000	6.824381e-003
1.586057777097904e+001	-2.459054e+000	6.824591e-003
1.586930435249272e+001	-2.493599e+000	6.732207e-003
1.588037997868109e+001	-2.494289e+000	6.499840e-003
1.589125774449396e+001	-2.448008e+000	6.137783e-003
1.590890187412083e+001	-2.276541e+000	5.279485e-003
1.593706452547921e+001	-1.777414e+000	3.465203e-003
1.596636140047921e+001	-1.025595e+000	1.204627e-003
1.598868697592551e+001	-3.542132e-001	-6.588621e-004
1.601178813793657e+001	3.689823e-001	-2.541173e-003
1.603580027245550e+001	1.087143e+000	-4.241843e-003
1.606509714745550e+001	1.824509e+000	-5.794493e-003
1.609135684754105e+001	2.279887e+000	-6.664593e-003
1.610239047786938e+001	2.399772e+000	-6.824383e-003
1.611057777239299e+001	2.459054e+000	-6.824592e-003
1.611930435420479e+001	2.493599e+000	-6.732208e-003
1.613037997932019e+001	2.494289e+000	-6.499841e-003
1.614125774553370e+001	2.448008e+000	-6.137784e-003
1.615890187580027e+001	2.276541e+000	-5.279486e-003
1.618706452811956e+001	1.777414e+000	-3.465204e-003
1.621636140311956e+001	1.025595e+000	-1.204627e-003
1.623868697923435e+001	3.542131e-001	6.588621e-004
1.626178814167370e+001	-3.689825e-001	2.541173e-003
1.628580027719706e+001	-1.087143e+000	4.241843e-003
1.631509715219706e+001	-1.824510e+000	5.794494e-003
1.634135684952104e+001	-2.279887e+000	6.664593e-003
1.635239047931949e+001	-2.399772e+000	6.824383e-003
1.636057777348152e+001	-2.459054e+000	6.824593e-003
1.636930435552285e+001	-2.493599e+000	6.732209e-003
1.638037997981221e+001	-2.494289e+000	6.499842e-003
1.639125774633416e+001	-2.448008e+000	6.137785e-003
1.640890187709321e+001	-2.276541e+000	5.279487e-003
1.643706453015227e+001	-1.777414e+000	3.465204e-003
1.646636140515227e+001	-1.025595e+000	1.204627e-003
1.648868698121162e+001	-3.542130e-001	-6.588614e-004
1.651178814364803e+001	3.689825e-001	-2.541173e-003
1.653580027551057e+001	1.087143e+000	-4.241842e-003
1.656509715051057e+001	1.824510e+000	-5.794493e-003
1.659135684881679e+001	2.279887e+000	-6.664593e-003
1.660239047880371e+001	2.399772e+000	-6.824383e-003
1.661057777309435e+001	2.459054e+000	-6.824592e-003
1.661930435505403e+001	2.493599e+000	-6.732208e-003
1.663037997963721e+001	2.494289e+000	-6.499842e-003
1.664125774604944e+001	2.448008e+000	-6.137785e-003
1.665890187663333e+001	2.276541e+000	-5.279487e-003
1.668706452942926e+001	1.777414e+000	-3.465204e-003
1.671636140442926e+001	1.025595e+000	-1.204628e-003
1.673868698006550e+001	3.542131e-001	6.588610e-004
1.676178814223820e+001	-3.689825e-001	2.541172e-003
1.678580027193796e+001	-1.087143e+000	4.241842e-003
1.681509714693796e+001	-1.824509e+000	5.794493e-003
1.684135684732493e+001	-2.279887e+000	6.664592e-003
1.685239047771110e+001	-2.399772e+000	6.824382e-003
1.686057777227417e+001	-2.459054e+000	6.824592e-003
1.686930435406093e+001	-2.493599e+000	6.732208e-003
1.688037997926649e+001	-2.494289e+000	6.499841e-003
1.689125774544633e+001	-2.448008e+000	6.137784e-003
1.690890187565915e+001	-2.276541e+000	5.279486e-003
1.693706452789770e+001	-1.777414e+000	3.465204e-003
1.696636140289770e+001	-1.025595e+000	1.204627e-003
1.698868697839045e+001	-3.542131e-001	-6.588612e-004
1.701178814044824e+001	3.689824e-001	-2.541172e-003
1.703580027143637e+001	1.087142e+000	-4.241842e-003
1.706509714643637e+001	1.824509e+000	-5.794493e-003
1.709135684711548e+001	2.279887e+000	-6.664592e-003
1.710239047755770e+001	2.399772e+000	-6.824382e-003
1.711057777215902e+001	2.459054e+000	-6.824592e-003
1.711930435392149e+001	2.493599e+000	-6.732208e-003
1.713037997921444e+001	2.494289e+000	-6.499841e-003
1.714125774536165e+001	2.448008e+000	-6.137784e-003
1.715890187552237e+001	2.276541e+000	-5.279486e-003
1.718706452768266e+001	1.777414e+000	-3.465204e-003
1.721636140268266e+001	1.025595e+000	-1.204627e-003
1.723868697837281e+001	3.542131e-001	6.588617e-004
1.726178814053636e+001	-3.689824e-001	2.541173e-003
1.728580027338111e+001	-1.087143e+000	4.241842e-003
1.731509714838111e+001	-1.824510e+000	5.794493e-003
1.734135684792756e+001	-2.279887e+000	6.664593e-003
1.735239047815245e+001	-2.399772e+000	6.824383e-003
1.736057777260548e+001	-2.459054e+000	6.824592e-003
1.736930435446209e+001	-2.493599e+000	6.732208e-003
1.738037997941624e+001	-2.494289e+000	6.499842e-003
1.739125774568996e+001	-2.448008e+000	6.137784e-003
1.740890187605267e+001	-2.276541e+000	5.279486e-003
1.743706452851637e+001	-1.777414e+000	3.465204e-003
1.746636140351637e+001	-1.025595e+000	1.204627e-003
1.748868697938065e+001	-3.542131e-001	-6.588617e-004
1.751178814165435e+001	3.689825e-001	-2.541173e-003
1.753580027451746e+001	1.087143e+000	-4.241842e-003
1.756509714951746e+001	1.824510e+000	-5.794493e-003
1.759135684840209e+001	2.279887e+000	-6.664593e-003
1.760239047849999e+001	2.399772e+000	-6.824383e-003
1.761057777286636e+001	2.459054e+000	-6.824592e-003
1.761930435477798e+001	2.493599e+000	-6.732208e-003
1.763037997953416e+001	2.494289e+000	-6.499842e-003
1.764125774588180e+001	2.448008e+000	-6.137784e-003
1.765890187636254e+001	2.276541e+000	-5.279486e-003
1.768706452900353e+001	1.777414e+000	-3.465204e-003
1.771636140400353e+001	1.025595e+000	-1.204627e-003
1.773868697982651e+001	3.542131e-001	6.588614e-004
1.776178814207922e+001	-3.689825e-001	2.541173e-003
1.778580027383437e+001	-1.087143e+000	4.241842e-003
1.781509714883437e+001	-1.824510e+000	5.794493e-003
1.784135684811684e+001	-2.279887e+000	6.664593e-003
1.785239047829107e+001	-2.399772e+000	6.824383e-003
1.786057777270953e+001	-2.459054e+000	6.824592e-003
1.786930435458809e+001	-2.493599e+000	6.732208e-003
1.788037997946327e+001	-2.494289e+000	6.499842e-003
1.789125774576647e+001	-2.448008e+000	6.137784e-003
1.790890187617626e+001	-2.276541e+000	5.279486e-003
1.793706452871066e+001	-1.777414e+000	3.465204e-003
1.796636140371066e+001	-1.025595e+000	1.204627e-003
1.798868697941451e+001	-3.542131e-001	-6.588612e-004
1.801178814158769e+001	3.689825e-001	-2.541172e-003
1.803580027286285e+001	1.087143e+000	-4.241842e-003
1.806509714786285e+001	1.824509e+000	-5.794493e-003
1.809135684771115e+001	2.279887e+000	-6.664592e-003
1.810239047799396e+001	2.399772e+000	-6.824383e-003
1.811057777248650e+001	2.459054e+000	-6.824592e-003
1.811930435431803e+001	2.493599e+000	-6.732208e-003
1.813037997936246e+001	2.494289e+000	-6.499841e-003
1.814125774560247e+001	2.448008e+000	-6.137784e-003
1.815890187591135e+001	2.276541e+000	-5.279486e-003
1.818706452829419e+001	1.777414e+000	-3.465204e-003
1.821636140329419e+001	1.025595e+000	-1.204627e-003
1.823868697897558e+001	3.542131e-001	6.588614e-004
1.826178814112334e+001	-3.689824e-001	2.541172e-003
1.828580027286525e+001	-1.087143e+000	4.241842e-003
1.831509714786525e+001	-1.824509e+000	5.794493e-003
1.834135684771215e+001	-2.279887e+000	6.664592e-003
1.835239047799470e+001	-2.399772e+000	6.824383e-003
1.836057777248706e+001	-2.459054e+000	6.824592e-003
1.836930435431870e+001	-2.493599e+000	6.732208e-003
1.838037997936271e+001	-2.494289e+000	6.499841e-003
1.839125774560287e+001	-2.448008e+000	6.137784e-003
1.840890187591201e+001	-2.276541e+000	5.279486e-003
1.843706452829523e+001	-1.777414e+000	3.465204e-003
1.846636140329523e+001	-1.025595e+000	1.204627e-003
1.848868697904228e+001	-3.542131e-001	-6.588615e-004
1.851178814122299e+001	3.689824e-001	-2.541173e-003
1.853580027345670e+001	1.087143e+000	-4.241842e-003
1.856509714845670e+001	1.824510e+000	-5.794493e-003
1.859135684795913e+001	2.279887e+000	-6.664593e-003
1.860239047817558e+001	2.399772e+000	-6.824383e-003
1.861057777262284e+001	2.459054e+000	-6.824592e-003
1.861930435448311e+001	2.493599e+000	-6.732208e-003
1.863037997942408e+001	2.494289e+000	-6.499842e-003
1.864125774570272e+001	2.448008e+000	-6.137784e-003
1.865890187607328e+001	2.276541e+000	-5.279486e-003
1.868706452854878e+001	1.777414e+000	-3.465204e-003
1.871636140354878e+001	1.025595e+000	-1.204627e-003
1.873868697934077e+001	3.542131e-001	6.588615e-004
1.876178814154673e+001	-3.689825e-001	2.541173e-003
1.878580027371216e+001	-1.087143e+000	4.241842e-003
1.881509714871216e+001	-1.824510e+000	5.794493e-003
1.884135684806581e+001	-2.279887e+000	6.664593e-003
1.885239047825370e+001	-2.399772e+000	6.824383e-003
1.886057777268148e+001	-2.459054e+000	6.824592e-003
1.886930435455412e+001	-2.493599e+000	6.732208e-003
1.888037997945059e+001	-2.494289e+000	6.499842e-003
1.889125774574584e+001	-2.448008e+000	6.137784e-003
1.890890187614294e+001	-2.276541e+000	5.279486e-003
1.893706452865829e+001	-1.777414e+000	3.465204e-003
1.896636140365829e+001	-1.025595e+000	1.204627e-003
1.898868697943326e+001	-3.542131e-001	-6.588614e-004
1.901178814162599e+001	3.689825e-001	-2.541173e-003
1.903580027346924e+001	1.087143e+000	-4.241842e-003
1.906509714846924e+001	1.824510e+000	-5.794493e-003
1.909135684796437e+001	2.279887e+000	-6.664593e-003
1.910239047817941e+001	2.399772e+000	-6.824383e-003
1.911057777262571e+001	2.459054e+000	-6.824592e-003
1.911930435448659e+001	2.493599e+000	-6.732208e-003
1.913037997942539e+001	2.494289e+000	-6.499842e-003
1.914125774570484e+001	2.448008e+000	-6.137784e-003
1.915890187607671e+001	2.276541e+000	-5.279486e-003
1.918706452855416e+001	1.777414e+000	-3.465204e-003
1.921636140355416e+001	1.025595e+000	-1.204627e-003
1.923868697929816e+001	3.542131e-001	6.588614e-004
1.926178814146593e+001	-3.689824e-001	2.541173e-003
1.928580027321639e+001	-1.087143e+000	4.241842e-003
1.931509714821639e+001	-1.824510e+000	5.794493e-003
1.934135684785878e+001	-2.279887e+000	6.664592e-003
1.935239047810208e+001	-2.399772e+000	6.824383e-003
1.936057777256767e+001	-2.459054e+000	6.824592e-003
1.936930435441630e+001	-2.493599e+000	6.732208e-003
1.938037997939914e+001	-2.494289e+000	6.499842e-003
1.939125774566215e+001	-2.448008e+000	6.137784e-003
1.940890187600775e+001	-2.276541e+000	5.279486e-003
1.943706452844576e+001	-1.777414e+000	3.465204e-003
1.946636140344576e+001	-1.025595e+000	1.204627e-003
1.948868697919019e+001	-3.542131e-001	-6.588614e-004
1.951178814135120e+001	3.689824e-001	-2.541173e-003
1.953580027325971e+001	1.087143e+000	-4.241842e-003
1.956509714825971e+001	1.824510e+000	-5.794493e-003
1.959135684787687e+001	2.279887e+000	-6.664593e-003
1.960239047811533e+001	2.399772e+000	-6.824383e-003
1.961057777257761e+001	2.459054e+000	-6.824592e-003
1.961930435442834e+001	2.493599e+000	-6.732208e-003
1.963037997940364e+001	2.494289e+000	-6.499842e-003
1.964125774566946e+001	2.448008e+000	-6.137784e-003
1.965890187601956e+001	2.276541e+000	-5.279486e-003
1.968706452846432e+001	1.777414e+000	-3.465204e-003
1.971636140346432e+001	1.025595e+000	-1.204627e-003
1.973868697923097e+001	3.542131e-001	6.588615e-004
1.976178814140007e+001	-3.689824e-001	2.541173e-003
1.978580027343528e+001	-1.087143e+000	4.241842e-003
1.981509714843528e+001	-1.824510e+000	5.794493e-003
1.984135684795019e+001	-2.279887e+000	6.664593e-003
1.985239047816902e+001	-2.399772e+000	6.824383e-003
1.986057777261792e+001	-2.459054e+000	6.824592e-003
1.986930435447715e+001	-2.493599e+000	6.732208e-003
1.988037997942186e+001	-2.494289e+000	6.499842e-003
1.989125774569910e+001	-2.448008e+000	6.137784e-003
1.990890187606744e+001	-2.276541e+000	5.279486e-003
1.993706452853959e+001	-1.777414e+000	3.465204e-003
1.996636140353959e+001	-1.025595e+000	1.204627e-003
1.998868697931879e+001	-3.542131e-001	-6.588614e-004
2.001178814149137e+001	3.689825e-001	-2.541173e-003
2.003580027348868e+001	1.087143e+000	-4.241842e-003
2.006509714848868e+001	1.824510e+000	-5.794493e-003
2.009135684797248e+001	2.279887e+000	-6.664593e-003
2.010239047818536e+001	2.399772e+000	-6.824383e-003
2.011057777263018e+001	2.459054e+000	-6.824592e-003
2.011930435449200e+001	2.493599e+000	-6.732208e-003
2.013037997942740e+001	2.494289e+000	-6.499842e-003
2.014125774570812e+001	2.448008e+000	-6.137784e-003
2.015890187608201e+001	2.276541e+000	-5.279486e-003
2.018706452856249e+001	1.777414e+000	-3.465204e-003
2.021636140356249e+001	1.025595e+000	-1.204627e-003
2.023868697933699e+001	3.542131e-001	6.588614e-004
2.026178814150212e+001	-3.689825e-001	2.541173e-003
2.028580027341023e+001	-1.087143e+000	4.241842e-003
2.031509714841023e+001	-1.824510e+000	5.794493e-003
2.034135684793973e+001	-2.279887e+000	6.664593e-003
2.035239047816136e+001	-2.399772e+000	6.824383e-003
2.036057777261217e+001	-2.459054e+000	6.824592e-003
2.036930435447019e+001	-2.493599e+000	6.732208e-003
2.038037997941926e+001	-2.494289e+000	6.499842e-003
2.039125774569487e+001	-2.448008e+000	6.137784e-003
2.040890187606061e+001	-2.276541e+000	5.279486e-003
2.043706452852885e+001	-1.777414e+000	3.465204e-003
2.046636140352885e+001	-1.025595e+000	1.204627e-003
2.048868697929710e+001	-3.542131e-001	-6.588614e-004
2.051178814145294e+001	3.689824e-001	-2.541173e-003
2.053580027334921e+001	1.087143e+000	-4.241842e-003
2.056509714834921e+001	1.824510e+000	-5.794493e-003
2.059135684791425e+001	2.279887e+000	-6.664593e-003
2.060239047814271e+001	2.399772e+000	-6.824383e-003
2.061057777259816e+001	2.459054e+000	-6.824592e-003
2.061930435445322e+001	2.493599e+000	-6.732208e-003
2.063037997941293e+001	2.494289e+000	-6.499842e-003
2.064125774568457e+001	2.448008e+000	-6.137784e-003
2.065890187604397e+001	2.276541e+000	-5.279486e-003
2.068706452850269e+001	1.777414e+000	-3.465204e-003
2.071636140350269e+001	1.025595e+000	-1.204627e-003
2.073868697927441e+001	3.542131e-001	6.588614e-004
2.076178814142677e+001	-3.689824e-001	2.541173e-003
2.078580027337508e+001	-1.087143e+000	4.241842e-003
2.081509714837508e+001	-1.824510e+000	5.794493e-003
2.084135684792505e+001	-2.279887e+000	6.664593e-003
2.085239047815062e+001	-2.399772e+000	6.824383e-003
2.086057777260410e+001	-2.459054e+000	6.824592e-003
2.086930435446042e+001	-2.493599e+000	6.732208e-003
2.088037997941562e+001	-2.494289e+000	6.499842e-003
2.089125774568894e+001	-2.448008e+000	6.137784e-003
2.090890187605103e+001	-2.276541e+000	5.279486e-003
2.093706452851380e+001	-1.777414e+000	3.465204e-003
2.096636140351380e+001	-1.025595e+000	1.204627e-003
2.098868697929407e+001	-3.542131e-001	-6.588614e-004
2.101178814144654e+001	3.689824e-001	-2.541173e-003
2.103580027342750e+001	1.087143e+000	-4.241842e-003
2.106509714842750e+001	1.824510e+000	-5.794493e-003
2.109135684794694e+001	2.279887e+000	-6.664593e-003
2.110239047816665e+001	2.399772e+000	-6.824383e-003
2.111057777261613e+001	2.459054e+000	-6.824592e-003
2.111930435447498e+001	2.493599e+000	-6.732208e-003
2.113037997942105e+001	2.494289e+000	-6.499842e-003
2.114125774569779e+001	2.448008e+000	-6.137784e-003
2.115890187606532e+001	2.276541e+000	-5.279486e-003
2.118706452853626e+001	1.777414e+000	-3.465204e-003
2.121636140353626e+001	1.025595e+000	-1.204627e-003
2.123868697932136e+001	3.542131e-001	6.588614e-004
2.126178814147200e+001	-3.689824e-001	2.541173e-003
2.128580027343880e+001	-1.087143e+000	4.241842e-003
2.131509714843880e+001	-1.824510e+000	5.794493e-003
2.134135684795166e+001	-2.279887e+000	6.664593e-003
2.135239047817010e+001	-2.399772e+000	6.824383e-003
2.136057777261873e+001	-2.459054e+000	6.824592e-003
2.136930435447814e+001	-2.493599e+000	6.732208e-003
2.138037997942223e+001	-2.494289e+000	6.499842e-003
2.139125774569970e+001	-2.448008e+000	6.137784e-003
2.140890187606841e+001	-2.276541e+000	5.279486e-003
2.143706452854112e+001	-1.777414e+000	3.465204e-003
2.146636140354112e+001	-1.025595e+000	1.204627e-003
2.148868697932639e+001	-3.542131e-001	-6.588614e-004
2.151178814147222e+001	3.689824e-001	-2.541173e-003
2.153580027341659e+001	1.087143e+000	-4.241842e-003
2.156509714841659e+001	1.824510e+000	-5.794493e-003
2.159135684794239e+001	2.279887e+000	-6.664593e-003
2.160239047816331e+001	2.399772e+000	-6.824383e-003
2.161057777261363e+001	2.459054e+000	-6.824592e-003
2.161930435447196e+001	2.493599e+000	-6.732208e-003
2.163037997941992e+001	2.494289e+000	-6.499842e-003
2.164125774569595e+001	2.448008e+000	-6.137784e-003
2.165890187606235e+001	2.276541e+000	-5.279486e-003
2.168706452853159e+001	1.777414e+000	-3.465204e-003
2.171636140353159e+001	1.025595e+000	-1.204627e-003
2.173868697931728e+001	3.542131e-001	6.588614e-004
2.176178814145820e+001	-3.689824e-001	2.541173e-003
2.178580027340483e+001	-1.087143e+000	4.241842e-003
2.181509714840483e+001	-1.824510e+000	5.794493e-003
2.184135684793747e+001	-2.279887e+000	6.664593e-003
2.185239047815971e+001	-2.399772e+000	6.824383e-003
2.186057777261092e+001	-2.459054e+000	6.824592e-003
2.186930435446868e+001	-2.493599e+000	6.732208e-003
2.188037997941870e+001	-2.494289e+000	6.499842e-003
2.189125774569396e+001	-2.448008e+000	6.137784e-003
2.190890187605914e+001	-2.276541e+000	5.279486e-003
2.193706452852654e+001	-1.777414e+000	3.465204e-003
2.196636140352654e+001	-1.025595e+000	1.204627e-003
2.198868697931555e+001	-3.542131e-001	-6.588614e-004
2.201178814145336e+001	3.689824e-001	-2.541173e-003
2.203580027341771e+001	1.087143e+000	-4.241842e-003
2.206509714841771e+001	1.824510e+000	-5.794493e-003
2.209135684794286e+001	2.279887e+000	-6.664593e-003
2.210239047816366e+001	2.399772e+000	-6.824383e-003
2.211057777261389e+001	2.459054e+000	-6.824592e-003
2.211930435447227e+001	2.493599e+000	-6.732208e-003
2.213037997942004e+001	2.494289e+000	-6.499842e-003
2.214125774569614e+001	2.448008e+000	-6.137784e-003
2.215890187606266e+001	2.276541e+000	-5.279486e-003
2.218706452853208e+001	1.777414e+000	-3.465204e-003
2.221636140353208e+001	1.025595e+000	-1.204627e-003
2.223868697932549e+001	3.542131e-001	6.588614e-004
2.226178814146099e+001	-3.689824e-001	2.541173e-003
2.228580027343481e+001	-1.087143e+000	4.241842e-003
2.231509714843481e+001	-1.824510e+000	5.794493e-003
2.234135684794999e+001	-2.279887e+000	6.664593e-003
2.235239047816889e+001	-2.399772e+000	6.824383e-003
2.236057777261781e+001	-2.459054e+000	6.824592e-003
2.236930435447703e+001	-2.493599e+000	6.732208e-003
2.238037997942181e+001	-2.494289e+000	6.499842e-003
2.239125774569903e+001	-2.448008e+000	6.137784e-003
2.240890187606733e+001	-2.276541e+000	5.279486e-003
2.243706452853941e+001	-1.777414e+000	3.465204e-003
2.246636140353941e+001	-1.025595e+000	1.204627e-003
2.248868697933591e+001	-3.542131e-001	-6.588614e-004
2.251178814146842e+001	3.689824e-001	-2.541173e-003
2.253580027343881e+001	1.087143e+000	-4.241842e-003
2.256509714843881e+001	1.824510e+000	-5.794493e-003
2.259135684795166e+001	2.279887e+000	-6.664593e-003
2.260239047817011e+001	2.399772e+000	-6.824383e-003
2.261057777261873e+001	2.459054e+000	-6.824592e-003
2.261930435447814e+001	2.493599e+000	-6.732208e-003
2.263037997942223e+001	2.494289e+000	-6.499842e-003
2.264125774569970e+001	2.448008e+000	-6.137784e-003
2.265890187606841e+001	2.276541e+000	-5.279486e-003
2.268706452854112e+001	1.777414e+000	-3.465204e-003
2.271636140354112e+001	1.025595e+000	-1.204627e-003
2.273868697933950e+001	3.542131e-001	6.588614e-004
2.276178814146822e+001	-3.689824e-001	2.541173e-003
2.278580027343468e+001	-1.087143e+000	4.241842e-003
2.281509714843468e+001	-1.824510e+000	5.794493e-003
2.284135684794994e+001	-2.279887e+000	6.664593e-003
2.285239047816884e+001	-2.399772e+000	6.824383e-003
2.286057777261778e+001	-2.459054e+000	6.824592e-003
2.286930435447698e+001	-2.493599e+000	6.732208e-003
2.288037997942179e+001	-2.494289e+000	6.499842e-003
2.289125774569899e+001	-2.448008e+000	6.137784e-003
2.290890187606727e+001	-2.276541e+000	5.279486e-003
2.293706452853932e+001	-1.777414e+000	3.465204e-003
2.296636140353932e+001	-1.025595e+000	1.204627e-003
2.298868697933983e+001	-3.542131e-001	-6.588614e-004
2.301178814146487e+001	3.689824e-001	-2.541173e-003
2.303580027343492e+001	1.087143e+000	-4.241842e-003
2.306509714843492e+001	1.824510e+000	-5.794493e-003
2.309135684795004e+001	2.279887e+000	-6.664593e-003
2.310239047816891e+001	2.399772e+000	-6.824383e-003
2.311057777261783e+001	2.459054e+000	-6.824592e-003
2.311930435447705e+001	2.493599e+000	-6.732208e-003
2.313037997942182e+001	2.494289e+000	-6.499842e-003
2.314125774569904e+001	2.448008e+000	-6.137784e-003
2.315890187606735e+001	2.276541e+000	-5.279486e-003
2.318706452853945e+001	1.777414e+000	-3.465204e-003
2.321636140353945e+001	1.025595e+000	-1.204627e-003
2.323868697934292e+001	3.542131e-001	6.588614e-004
2.326178814146482e+001	-3.689824e-001	2.541173e-003
2.328580027344197e+001	-1.087143e+000	4.241842e-003
2.331509714844197e+001	-1.824510e+000	5.794493e-003
2.334135684795298e+001	-2.279887e+000	6.664593e-003
2.335239047817107e+001	-2.399772e+000	6.824383e-003
2.336057777261945e+001	-2.459054e+000	6.824592e-003
2.336930435447901e+001	-2.493599e+000	6.732208e-003
2.338037997942255e+001	-2.494289e+000	6.499842e-003
2.339125774570023e+001	-2.448008e+000	6.137784e-003
2.340890187606927e+001	-2.276541e+000	5.279486e-003
2.343706452854247e+001	-1.777414e+000	3.465204e-003
2.346636140354247e+001	-1.025595e+000	1.204627e-003
2.348868697934909e+001	-3.542131e-001	-6.588614e-004
2.351178814146801e+001	3.689824e-001	-2.541173e-003
2.353580027344922e+001	1.087143e+000	-4.241842e-003
2.356509714844922e+001	1.824510e+000	-5.794493e-003
2.359135684795601e+001	2.279887e+000	-6.664593e-003
2.360239047817329e+001	2.399772e+000	-6.824383e-003
2.361057777262112e+001	2.459054e+000	-6.824592e-003
2.361930435448102e+001	2.493599e+000	-6.732208e-003
2.363037997942330e+001	2.494289e+000	-6.499842e-003
2.364125774570145e+001	2.448008e+000	-6.137784e-003
2.365890187607124e+001	2.276541e+000	-5.279486e-003
2.368706452854557e+001	1.777414e+000	-3.465204e-003
2.371636140354557e+001	1.025595e+000	-1.204627e-003
2.373868697935490e+001	3.542131e-001	6.588614e-004
2.376178814147063e+001	-3.689824e-001	2.541173e-003
2.378580027345245e+001	-1.087143e+000	4.241842e-003
2.381509714845245e+001	-1.824510e+000	5.794493e-003
2.384135684795736e+001	-2.279887e+000	6.664593e-003
2.385239047817428e+001	-2.399772e+000	6.824383e-003
2.386057777262186e+001	-2.459054e+000	6.824592e-003
2.386930435448192e+001	-2.493599e+000	6.732208e-003
2.388037997942364e+001	-2.494289e+000	6.499842e-003
2.389125774570200e+001	-2.448008e+000	6.137784e-003
2.390890187607213e+001	-2.276541e+000	5.279486e-003
2.393706452854696e+001	-1.777414e+000	3.465204e-003
2.396636140354696e+001	-1.025595e+000	1.204627e-003
2.398868697935870e+001	-3.542131e-001	-6.588614e-004
2.401178814147104e+001	3.689824e-001	-2.541173e-003
2.403580027345385e+001	1.087143e+000	-4.241842e-003
2.406509714845385e+001	1.824510e+000	-5.794493e-003
2.409135684795794e+001	2.279887e+000	-6.664593e-003
2.410239047817470e+001	2.399772e+000	-6.824383e-003
2.411057777262218e+001	2.459054e+000	-6.824592e-003
2.411930435448231e+001	2.493599e+000	-6.732208e-003
2.413037997942379e+001	2.494289e+000	-6.499842e-003
2.414125774570224e+001	2.448008e+000	-6.137784e-003
2.415890187607251e+001	2.276541e+000	-5.279486e-003
2.418706452854755e+001	1.777414e+000	-3.465204e-003
2.421636140354755e+001	1.025595e+000	-1.204627e-003
2.423868697936182e+001	3.542131e-001	6.588614e-004
2.426178814147084e+001	-3.689824e-001	2.541173e-003
2.428580027345684e+001	-1.087143e+000	4.241842e-003
2.431509714845684e+001	-1.824510e+000	5.794493e-003
2.434135684795919e+001	-2.279887e+000	6.664593e-003
2.435239047817562e+001	-2.399772e+000	6.824383e-003
2.436057777262287e+001	-2.459054e+000	6.824592e-003
2.436930435448315e+001	-2.493599e+000	6.732208e-003
2.438037997942410e+001	-2.494289e+000	6.499842e-003
2.439125774570275e+001	-2.448008e+000	6.137784e-003
2.440890187607333e+001	-2.276541e+000	5.279486e-003
2.443706452854885e+001	-1.777414e+000	3.465204e-003
2.446636140354885e+001	-1.025595e+000	1.204627e-003
2.448868697936587e+001	-3.542131e-001	-6.588614e-004
2.451178814147173e+001	3.689824e-001	-2.541173e-003
2.453580027346164e+001	1.087143e+000	-4.241842e-003
2.456509714846164e+001	1.824510e+000	-5.794493e-003
2.459135684796119e+001	2.279887e+000	-6.664593e-003
2.460239047817709e+001	2.399772e+000	-6.824383e-003
2.461057777262397e+001	2.459054e+000	-6.824592e-003
2.461930435448447e+001	2.493599e+000	-6.732208e-003
2.463037997942459e+001	2.494289e+000	-6.499842e-003
2.464125774570355e+001	2.448008e+000	-6.137784e-003
2.465890187607463e+001	2.276541e+000	-5.279486e-003
2.468706452855089e+001	1.777414e+000	-3.465204e-003
2.471636140355089e+001	1.025595e+000	-1.204627e-003
2.473868697937066e+001	3.542131e-001	6.588614e-004
2.476178814147341e+001	-3.689824e-001	2.541173e-003
2.478580027346618e+001	-1.087143e+000	4.241842e-003
2.481509714846618e+001	-1.824510e+000	5.794493e-003
2.484135684796309e+001	-2.279887e+000	6.664593e-003
2.485239047817847e+001	-2.399772e+000	6.824383e-003
2.486057777262501e+001	-2.459054e+000	6.824592e-003
2.486930435448574e+001	-2.493599e+000	6.732208e-003
2.488037997942507e+001	-2.494289e+000	6.499842e-003
2.489125774570432e+001	-2.448008e+000	6.137784e-003
2.490890187607587e+001	-2.276541e+000	5.279486e-003
2.493706452855285e+001	-1.777414e+000	3.465204e-003
2.496636140355285e+001	-1.025595e+000	1.204627e-003
2.498868697937524e+001	-3.542131e-001	-6.588614e-004
2.501178814147480e+001	3.689824e-001	-2.541173e-003
2.503580027346955e+001	1.087143e+000	-4.241842e-003
2.506509714846955e+001	1.824510e+000	-5.794493e-003
2.509135684796450e+001	2.279887e+000	-6.664593e-003
2.510239047817951e+001	2.399772e+000	-6.824383e-003
2.511057777262579e+001	2.459054e+000	-6.824592e-003
2.511930435448668e+001	2.493599e+000	-6.732208e-003
2.513037997942542e+001	2.494289e+000	-6.499842e-003
2.514125774570489e+001	2.448008e+000	-6.137784e-003
2.515890187607679e+001	2.276541e+000	-5.279486e-003
2.518706452855430e+001	1.777414e+000	-3.465204e-003
2.521636140355430e+001	1.025595e+000	-1.204627e-003
2.523868697937923e+001	3.542131e-001	6.588614e-004
2.526178814147557e+001	-3.689824e-001	2.541173e-003
2.528580027347255e+001	-1.087143e+000	4.241842e-003
2.531509714847255e+001	-1.824510e+000	5.794493e-003
2.534135684796575e+001	-2.279887e+000	6.664593e-003
2.535239047818043e+001	-2.399772e+000	6.824383e-003
2.536057777262647e+001	-2.459054e+000	6.824592e-003
2.536930435448751e+001	-2.493599e+000	6.732208e-003
2.538037997942573e+001	-2.494289e+000	6.499842e-003
2.539125774570539e+001	-2.448008e+000	6.137784e-003
2.540890187607760e+001	-2.276541e+000	5.279486e-003
2.543706452855557e+001	-1.777414e+000	3.465204e-003
2.546636140355557e+001	-1.025595e+000	1.204627e-003
2.548868697938308e+001	-3.542131e-001	-6.588614e-004
2.551178814147624e+001	3.689824e-001	-2.541173e-003
2.553580027347605e+001	1.087143e+000	-4.241842e-003
2.556509714847605e+001	1.824510e+000	-5.794493e-003
2.559135684796721e+001	2.279887e+000	-6.664593e-003
2.560239047818149e+001	2.399772e+000	-6.824383e-003
2.561057777262728e+001	2.459054e+000	-6.824592e-003
2.561930435448848e+001	2.493599e+000	-6.732208e-003
2.563037997942609e+001	2.494289e+000	-6.499842e-003
2.564125774570598e+001	2.448008e+000	-6.137784e-003
2.565890187607856e+001	2.276541e+000	-5.279486e-003
2.568706452855707e+001	1.777414e+000	-3.465204e-003
2.571636140355707e+001	1.025595e+000	-1.204627e-003
2.573868697938721e+001	3.542131e-001	6.588614e-004
2.576178814147724e+001	-3.689824e-001	2.541173e-003
2.578580027348000e+001	-1.087143e+000	4.241842e-003
2.581509714848000e+001	-1.824510e+000	5.794493e-003
2.584135684796886e+001	-2.279887e+000	6.664593e-003
2.585239047818270e+001	-2.399772e+000	6.824383e-003
2.586057777262818e+001	-2.459054e+000	6.824592e-003
2.586930435448958e+001	-2.493599e+000	6.732208e-003
2.588037997942650e+001	-2.494289e+000	6.499842e-003
2.589125774570665e+001	-2.448008e+000	6.137784e-003
2.590890187607963e+001	-2.276541e+000	5.279486e-003
2.593706452855875e+001	-1.777414e+000	3.465204e-003
2.596636140355875e+001	-1.025595e+000	1.204627e-003
2.598868697939151e+001	-3.542131e-001	-6.588614e-004
2.601178814147843e+001	3.689824e-001	-2.541173e-003
2.603580027348379e+001	1.087143e+000	-4.241842e-003
2.606509714848379e+001	1.824510e+000	-5.794493e-003
2.609135684797045e+001	2.279887e+000	-6.664593e-003
2.610239047818386e+001	2.399772e+000	-6.824383e-003
2.611057777262905e+001	2.459054e+000	-6.824592e-003
2.611930435449064e+001	2.493599e+000	-6.732208e-003
2.613037997942689e+001	2.494289e+000	-6.499842e-003
2.614125774570729e+001	2.448008e+000	-6.137784e-003
2.615890187608067e+001	2.276541e+000	-5.279486e-003
2.618706452856039e+001	1.777414e+000	-3.465204e-003
2.621636140356039e+001	1.025595e+000	-1.204627e-003
2.623868697939572e+001	3.542131e-001	6.588614e-004
2.626178814147951e+001	-3.689824e-001	2.541173e-003
2.628580027348727e+001	-1.087143e+000	4.241842e-003
2.631509714848727e+001	-1.824510e+000	5.794493e-003
2.634135684797190e+001	-2.279887e+000	6.664593e-003
2.635239047818492e+001	-2.399772e+000	6.824383e-003
2.636057777262985e+001	-2.459054e+000	6.824592e-003
2.636930435449160e+001	-2.493599e+000	6.732208e-003
2.638037997942725e+001	-2.494289e+000	6.499842e-003
2.639125774570788e+001	-2.448008e+000	6.137784e-003
2.640890187608162e+001	-2.276541e+000	5.279486e-003
2.643706452856188e+001	-1.777414e+000	3.465204e-003
2.646636140356188e+001	-1.025595e+000	1.204627e-003
2.648868697939975e+001	-3.542131e-001	-6.588614e-004
2.651178814148042e+001	3.689824e-001	-2.541173e-003
2.653580027349066e+001	1.087143e+000	-4.241842e-003
2.656509714849066e+001	1.824510e+000	-5.794493e-003
2.659135684797332e+001	2.279887e+000	-6.664593e-003
2.660239047818596e+001	2.399772e+000	-6.824383e-003
2.661057777263063e+001	2.459054e+000	-6.824592e-003
2.661930435449255e+001	2.493599e+000	-6.732208e-003
2.663037997942761e+001	2.494289e+000	-6.499842e-003
2.664125774570845e+001	2.448008e+000	-6.137784e-003
2.665890187608255e+001	2.276541e+000	-5.279486e-003
2.668706452856334e+001	1.777414e+000	-3.465204e-003
2.671636140356334e+001	1.025595e+000	-1.204627e-003
2.673868697940376e+001	3.542131e-001	6.588614e-004
2.676178814148133e+001	-3.689824e-001	2.541173e-003
2.678580027349421e+001	-1.087143e+000	4.241842e-003
2.681509714849421e+001	-1.824510e+000	5.794493e-003
2.684135684797480e+001	-2.279887e+000	6.664593e-003
2.685239047818705e+001	-2.399772e+000	6.824383e-003
2.686057777263144e+001	-2.459054e+000	6.824592e-003
2.686930435449353e+001	-2.493599e+000	6.732208e-003
2.688037997942798e+001	-2.494289e+000	6.499842e-003
2.689125774570905e+001	-2.448008e+000	6.137784e-003
2.690890187608352e+001	-2.276541e+000	5.279486e-003
2.693706452856486e+001	-1.777414e+000	3.465204e-003
2.696636140356486e+001	-1.025595e+000	1.204627e-003
2.698868697940784e+001	-3.542131e-001	-6.588614e-004
2.701178814148233e+001	3.689824e-001	-2.541173e-003
2.703580027349786e+001	1.087143e+000	-4.241842e-003
2.706509714849786e+001	1.824510e+000	-5.794493e-003
2.709135684797632e+001	2.279887e+000	-6.664593e-003
2.710239047818816e+001	2.399772e+000	-6.824383e-003
2.711057777263228e+001	2.459054e+000	-6.824592e-003
2.711930435449455e+001	2.493599e+000	-6.732208e-003
2.713037997942835e+001	2.494289e+000	-6.499842e-003
2.714125774570966e+001	2.448008e+000	-6.137784e-003
2.715890187608450e+001	2.276541e+000	-5.279486e-003
2.718706452856641e+001	1.777414e+000	-3.465204e-003
2.721636140356641e+001	1.025595e+000	-1.204627e-003
2.723868697941193e+001	3.542131e-001	6.588614e-004
2.726178814148335e+001	-3.689824e-001	2.541173e-003
2.728580027350142e+001	-1.087143e+000	4.241842e-003
2.731509714850142e+001	-1.824510e+000	5.794493e-003
2.734135684797781e+001	-2.279887e+000	6.664593e-003
2.735239047818925e+001	-2.399772e+000	6.824383e-003
2.736057777263310e+001	-2.459054e+000	6.824592e-003
2.736930435449554e+001	-2.493599e+000	6.732208e-003
2.738037997942872e+001	-2.494289e+000	6.499842e-003
2.739125774571027e+001	-2.448008e+000	6.137784e-003
2.740890187608548e+001	-2.276541e+000	5.279486e-003
2.743706452856794e+001	-1.777414e+000	3.465204e-003
2.746636140356794e+001	-1.025595e+000	1.204627e-003
2.748868697941598e+001	-3.542131e-001	-6.588614e-004
2.751178814148435e+001	3.689824e-001	-2.541173e-003
2.753580027350489e+001	1.087143e+000	-4.241842e-003
2.756509714850489e+001	1.824510e+000	-5.794493e-003
2.759135684797926e+001	2.279887e+000	-6.664593e-003
2.760239047819032e+001	2.399772e+000	-6.824383e-003
2.761057777263390e+001	2.459054e+000	-6.824592e-003
2.761930435449650e+001	2.493599e+000	-6.732208e-003
2.763037997942908e+001	2.494289e+000	-6.499842e-003
2.764125774571085e+001	2.448008e+000	-6.137784e-003
2.765890187608643e+001	2.276541e+000	-5.279486e-003
2.768706452856944e+001	1.777414e+000	-3.465204e-003
2.771636140356944e+001	1.025595e+000	-1.204627e-003
2.773868697941998e+001	3.542131e-001	6.588614e-004
2.776178814148529e+001	-3.689824e-001	2.541173e-003
2.778580027350834e+001	-1.087143e+000	4.241842e-003
2.781509714850834e+001	-1.824510e+000	5.794493e-003
2.784135684798070e+001	-2.279887e+000	6.664593e-003
2.785239047819137e+001	-2.399772e+000	6.824383e-003
2.786057777263469e+001	-2.459054e+000	6.824592e-003
2.786930435449746e+001	-2.493599e+000	6.732208e-003
2.788037997942944e+001	-2.494289e+000	6.499842e-003
2.789125774571144e+001	-2.448008e+000	6.137784e-003
2.790890187608737e+001	-2.276541e+000	5.279486e-003
2.793706452857092e+001	-1.777414e+000	3.465204e-003
2.796636140357092e+001	-1.025595e+000	1.204627e-003
2.798868697942397e+001	-3.542131e-001	-6.588614e-004
2.801178814148625e+001	3.689824e-001	-2.541173e-003
2.803580027351184e+001	1.087143e+000	-4.241842e-003
2.806509714851184e+001	1.824510e+000	-5.794493e-003
2.809135684798216e+001	2.279887e+000	-6.664593e-003
2.810239047819244e+001	2.399772e+000	-6.824383e-003
2.811057777263549e+001	2.459054e+000	-6.824592e-003
2.811930435449844e+001	2.493599e+000	-6.732208e-003
2.813037997942980e+001	2.494289e+000	-6.499842e-003
2.814125774571203e+001	2.448008e+000	-6.137784e-003
2.815890187608832e+001	2.276541e+000	-5.279486e-003
2.818706452857242e+001	1.777414e+000	-3.465204e-003
2.821636140357242e+001	1.025595e+000	-1.204627e-003
2.823868697942797e+001	3.542131e-001	6.588614e-004
2.826178814148722e+001	-3.689824e-001	2.541173e-003
2.828580027351535e+001	-1.087143e+000	4.241842e-003
2.831509714851535e+001	-1.824510e+000	5.794493e-003
2.834135684798363e+001	-2.279887e+000	6.664593e-003
2.835239047819352e+001	-2.399772e+000	6.824383e-003
2.836057777263630e+001	-2.459054e+000	6.824592e-003
2.836930435449941e+001	-2.493599e+000	6.732208e-003
2.838037997943017e+001	-2.494289e+000	6.499842e-003
2.839125774571262e+001	-2.448008e+000	6.137784e-003
2.840890187608928e+001	-2.276541e+000	5.279486e-003
2.843706452857393e+001	-1.777414e+000	3.465204e-003
2.846636140357393e+001	-1.025595e+000	1.204627e-003
2.848868697943196e+001	-3.542131e-001	-6.588614e-004
2.851178814148820e+001	3.689824e-001	-2.541173e-003
2.853580027351882e+001	1.087143e+000	-4.241842e-003
2.856509714851882e+001	1.824510e+000	-5.794493e-003
2.859135684798508e+001	2.279887e+000	-6.664593e-003
2.860239047819458e+001	2.399772e+000	-6.824383e-003
2.861057777263710e+001	2.459054e+000	-6.824592e-003
2.861930435450038e+001	2.493599e+000	-6.732208e-003
2.863037997943053e+001	2.494289e+000	-6.499842e-003
2.864125774571321e+001	2.448008e+000	-6.137784e-003
2.865890187609023e+001	2.276541e+000	-5.279486e-003
2.868706452857541e+001	1.777414e+000	-3.465204e-003
2.871636140357541e+001	1.025595e+000	-1.204627e-003
2.873868697943592e+001	3.542131e-001	6.588614e-004
2.876178814148916e+001	-3.689824e-001	2.541173e-003
2.878580027352225e+001	-1.087143e+000	4.241842e-003
2.881509714852225e+001	-1.824510e+000	5.794493e-003
2.884135684798650e+001	-2.279887e+000	6.664593e-003
2.885239047819562e+001	-2.399772e+000	6.824383e-003
2.886057777263789e+001	-2.459054e+000	6.824592e-003
2.886930435450133e+001	-2.493599e+000	6.732208e-003
2.888037997943088e+001	-2.494289e+000	6.499842e-003
2.889125774571379e+001	-2.448008e+000	6.137784e-003
2.890890187609116e+001	-2.276541e+000	5.279486e-003
2.893706452857688e+001	-1.777414e+000	3.465204e-003
2.896636140357688e+001	-1.025595e+000	1.204627e-003
2.898868697943985e+001	-3.542131e-001	-6.588614e-004
2.901178814149010e+001	3.689824e-001	-2.541173e-003
2.903580027352567e+001	1.087143e+000	-4.241842e-003
2.906509714852567e+001	1.824510e+000	-5.794493e-003
2.909135684798793e+001	2.279887e+000	-6.664593e-003
2.910239047819667e+001	2.399772e+000	-6.824383e-003
2.911057777263867e+001	2.459054e+000	-6.824592e-003
2.911930435450228e+001	2.493599e+000	-6.732208e-003
2.913037997943124e+001	2.494289e+000	-6.499842e-003
2.914125774571436e+001	2.448008e+000	-6.137784e-003
2.915890187609209e+001	2.276541e+000	-5.279486e-003
2.918706452857835e+001	1.777414e+000	-3.465204e-003
2.921636140357835e+001	1.025595e+000	-1.204627e-003
2.923868697944377e+001	3.542131e-001	6.588615e-004
2.926178814149105e+001	-3.689825e-001	2.541173e-003
2.928580027352908e+001	-1.087143e+000	4.241842e-003
2.931509714852908e+001	-1.824510e+000	5.794493e-003
2.934135684798936e+001	-2.279887e+000	6.664593e-003
2.935239047819772e+001	-2.399772e+000	6.824383e-003
2.936057777263946e+001	-2.459054e+000	6.824592e-003
2.936930435450323e+001	-2.493599e+000	6.732208e-003
2.938037997943160e+001	-2.494289e+000	6.499842e-003
2.939125774571494e+001	-2.448008e+000	6.137784e-003
2.940890187609303e+001	-2.276541e+000	5.279486e-003
2.943706452857982e+001	-1.777414e+000	3.465204e-003
2.946636140357982e+001	-1.025595e+000	1.204627e-003
2.948868697944769e+001	-3.542131e-001	-6.588615e-004
2.951178814149200e+001	3.689825e-001	-2.541173e-003
2.953580027353250e+001	1.087143e+000	-4.241842e-003
2.956509714853250e+001	1.824510e+000	-5.794493e-003
2.959135684799078e+001	2.279887e+000	-6.664593e-003
2.960239047819876e+001	2.399772e+000	-6.824383e-003
2.961057777264023e+001	2.459054e+000	-6.824592e-003
2.961930435450417e+001	2.493599e+000	-6.732208e-003
2.963037997943195e+001	2.494289e+000	-6.499842e-003
2.964125774571551e+001	2.448008e+000	-6.137784e-003
2.965890187609395e+001	2.276541e+000	-5.279486e-003
2.968706452858127e+001	1.777414e+000	-3.465204e-003
2.971636140358127e+001	1.025595e+000	-1.204627e-003
2.973868697945158e+001	3.542131e-001	6.588615e-004
2.976178814149294e+001	-3.689825e-001	2.541173e-003
2.978580027353588e+001	-1.087143e+000	4.241842e-003
2.981509714853588e+001	-1.824510e+000	5.794493e-003
2.984135684799220e+001	-2.279887e+000	6.664593e-003
2.985239047819979e+001	-2.399772e+000	6.824383e-003
2.986057777264102e+001	-2.459054e+000	6.824592e-003
2.986930435450512e+001	-2.493599e+000	6.732208e-003
2.988037997943230e+001	-2.494289e+000	6.499842e-003
2.989125774571609e+001	-2.448008e+000	6.137784e-003
2.990890187609488e+001	-2.276541e+000	5.279486e-003
2.993706452858272e+001	-1.777414e+000	3.465204e-003
2.996636140358272e+001	-1.025595e+000	1.204627e-003
2.998868697945545e+001	-3.542131e-001	-6.711418e-004
3.000000000000000e+001	-1.077937e-013	-1.638405e-003
