time	V(x_t)	V(y)
0.000000000000000e+000	0.000000e+000	1.093939e-018
3.442297520554133e-006	1.081430e-004	1.063468e-013
6.884595041108266e-006	2.162859e-004	1.672120e-013
1.032689256166240e-005	3.244289e-004	1.825966e-013
1.376919008221653e-005	4.325719e-004	1.525005e-013
1.721148760277067e-005	5.407148e-004	7.692387e-014
2.065378512332480e-005	6.488578e-004	-4.413338e-014
2.409608264387892e-005	7.570008e-004	-2.106712e-013
1.413344604401988e-003	4.442434e-002	-4.392504e-008
2.802593126160097e-003	8.804763e-002	-1.506427e-009
4.191841647918206e-003	1.316269e-001	1.272556e-007
5.581090169676315e-003	1.751620e-001	3.423612e-007
6.970338691434424e-003	2.186531e-001	6.438101e-007
8.359587213192533e-003	2.621002e-001	1.031603e-006
9.748835734950639e-003	3.055032e-001	1.505738e-006
1.220367934815880e-002	3.818889e-001	2.934317e-006
1.528667636191426e-002	4.772969e-001	5.718985e-006
1.918637399001026e-002	5.969349e-001	1.118405e-005
2.412489165267822e-002	7.463495e-001	2.191869e-005
3.043275865878194e-002	9.329385e-001	4.317385e-005
3.854875790858284e-002	1.164233e+000	8.554232e-005
4.915782703125497e-002	1.447977e+000	1.712715e-004
6.335645380679733e-002	1.786690e+000	3.487350e-004
8.332469069165460e-002	2.164928e+000	7.110338e-004
1.012795770063649e-001	2.389755e+000	1.137209e-003
1.097447211350640e-001	2.454203e+000	1.380163e-003
1.182970828630488e-001	2.491137e+000	1.658915e-003
1.300036715554074e-001	2.495059e+000	2.073732e-003
1.406454998826770e-001	2.451838e+000	2.479790e-003
1.579126486214869e-001	2.289207e+000	3.175677e-003
1.855077257356729e-001	1.811466e+000	4.286144e-003
2.148046007356729e-001	1.069999e+000	5.347050e-003
2.441014757356729e-001	1.851380e-001	6.135035e-003
2.733983507356729e-001	-7.245346e-001	6.529978e-003
2.975796243812058e-001	-1.407277e+000	6.471029e-003
3.223023496020314e-001	-1.971576e+000	6.010306e-003
3.452772736397166e-001	-2.327634e+000	5.282151e-003
3.552760555441665e-001	-2.423600e+000	4.867342e-003
3.628027426706562e-001	-2.470691e+000	4.504079e-003
3.720969086046402e-001	-2.498337e+000	4.016075e-003
3.814205701473568e-001	-2.491867e+000	3.491304e-003
3.929503578478691e-001	-2.436666e+000	2.798812e-003
4.116334971657803e-001	-2.239743e+000	1.621540e-003
4.346829790652100e-001	-1.829225e+000	1.508295e-004
4.594685301742892e-001	-1.218989e+000	-1.362811e-003
4.828581135931909e-001	-5.343731e-001	-2.604055e-003
5.121549885931909e-001	3.803771e-001	-3.771437e-003
5.414518635931909e-001	1.244151e+000	-4.456156e-003
5.642576889997859e-001	1.806379e+000	-4.569526e-003
5.875863392256073e-001	2.228746e+000	-4.300330e-003
6.036389610047835e-001	2.410471e+000	-3.919230e-003
6.115160140564385e-001	2.464196e+000	-3.661010e-003
6.204421791659889e-001	2.495901e+000	-3.313196e-003
6.308043769708758e-001	2.493353e+000	-2.860547e-003
6.419481416260296e-001	2.443515e+000	-2.319831e-003
6.600166519820443e-001	2.261845e+000	-1.365030e-003
6.813246836577207e-001	1.899490e+000	-1.859086e-004
7.049501149339355e-001	1.340890e+000	1.110438e-003
7.264704922325410e-001	7.284772e-001	2.175736e-003
7.557673672325410e-001	-1.810286e-001	3.317029e-003
7.850642422325410e-001	-1.066274e+000	4.040421e-003
8.077017223072438e-001	-1.658028e+000	4.216293e-003
8.309747983940399e-001	-2.127070e+000	4.011302e-003
8.524090012518362e-001	-2.399935e+000	3.549255e-003
8.605916774247975e-001	-2.459133e+000	3.293566e-003
8.693211915503364e-001	-2.493637e+000	2.959801e-003
8.803862644554928e-001	-2.494276e+000	2.485106e-003
8.912679707039150e-001	-2.447942e+000	1.967080e-003
9.089183919373602e-001	-2.276326e+000	1.052015e-003
9.302553634800104e-001	-1.921160e+000	-1.063553e-004
9.524099774711479e-001	-1.407547e+000	-1.299810e-003
9.747891055369035e-001	-7.788410e-001	-2.390507e-003
1.004085980536904e+000	1.283085e-001	-3.516738e-003
1.033382855536904e+000	1.018263e+000	-4.228407e-003
1.056190863304811e+000	1.622207e+000	-4.398779e-003
1.079619077719433e+000	2.104383e+000	-4.184998e-003
1.101298149063086e+000	2.389927e+000	-3.708264e-003
1.109758633771041e+000	2.454286e+000	-3.439510e-003
1.118313881224093e+000	2.491181e+000	-3.106830e-003
1.130009952521589e+000	2.495047e+000	-2.596623e-003
1.140655719487661e+000	2.451775e+000	-2.082177e-003
1.157929165609254e+000	2.288999e+000	-1.173544e-003
1.179449772488513e+000	1.937255e+000	1.115216e-005
1.201702427135596e+000	1.425861e+000	1.228152e-003
1.223599542566636e+000	8.142640e-001	2.315290e-003
1.252896417566636e+000	-9.097355e-002	3.471371e-003
1.282193292566636e+000	-9.840193e-001	4.214812e-003
1.305145719300067e+000	-1.597085e+000	4.409892e-003
1.328702183187233e+000	-2.088693e+000	4.218136e-003
1.349933973679060e+000	-2.376999e+000	3.769479e-003
1.358738043407912e+000	-2.447981e+000	3.496643e-003
1.367083834706404e+000	-2.487640e+000	3.180721e-003
1.376117205688324e+000	-2.499754e+000	2.799556e-003
1.384319143665762e+000	-2.482877e+000	2.418998e-003
1.397661159790402e+000	-2.399317e+000	1.742761e-003
1.419207925453411e+000	-2.124048e+000	5.783605e-004
1.441131780190239e+000	-1.685276e+000	-6.327085e-004
1.463549169932072e+000	-1.105510e+000	-1.811584e-003
1.489536331630430e+000	-3.277794e-001	-2.974781e-003
1.518833206630430e+000	5.861549e-001	-3.918661e-003
1.545197512709170e+000	1.344802e+000	-4.356694e-003
1.566942751713411e+000	1.863654e+000	-4.352984e-003
1.589139876907698e+000	2.250431e+000	-4.027085e-003
1.602956928764368e+000	2.404700e+000	-3.673243e-003
1.611003204182830e+000	2.461428e+000	-3.401715e-003
1.619819853683506e+000	2.494705e+000	-3.054313e-003
1.630572337434614e+000	2.493873e+000	-2.581395e-003
1.641570679724232e+000	2.445994e+000	-2.046663e-003
1.659407264268716e+000	2.269933e+000	-1.105764e-003
1.680845204630510e+000	1.909249e+000	7.495302e-005
1.703129653765232e+000	1.388804e+000	1.289267e-003
1.725339861175406e+000	7.623810e-001	2.381042e-003
1.754636736175406e+000	-1.455850e-001	3.513986e-003
1.783933611175406e+000	-1.034040e+000	4.228091e-003
1.806730234650499e+000	-1.635063e+000	4.397543e-003
1.830151501266783e+000	-2.113366e+000	4.181093e-003
1.851897599860349e+000	-2.395386e+000	3.700063e-003
1.860207955565977e+000	-2.456934e+000	3.434959e-003
1.868856839793427e+000	-2.492554e+000	3.097836e-003
1.880212868579853e+000	-2.494638e+000	2.601895e-003
1.890985868514309e+000	-2.449726e+000	2.080842e-003
1.908462667176788e+000	-2.282208e+000	1.161380e-003
1.929940670094526e+000	-1.927471e+000	-2.061672e-005
1.952191991775656e+000	-1.413201e+000	-1.236111e-003
1.974036017234023e+000	-8.012873e-001	-2.317798e-003
2.003332892234023e+000	1.046753e-001	-3.468484e-003
2.032629767234023e+000	9.966099e-001	-4.205658e-003
2.055536122418953e+000	1.606501e+000	-4.395312e-003
2.079051654513122e+000	2.094706e+000	-4.199006e-003
2.100320927779985e+000	2.380738e+000	-3.746009e-003
2.109027259765653e+000	2.449809e+000	-3.475008e-003
2.117431941162812e+000	2.488703e+000	-3.155608e-003
2.126735284028040e+000	2.499406e+000	-2.761264e-003
2.135325508731758e+000	2.478984e+000	-2.360351e-003
2.149295027859457e+000	2.384392e+000	-1.648010e-003
2.171824009107212e+000	2.079564e+000	-4.265095e-004
2.194001240271447e+000	1.617610e+000	7.948676e-004
2.216494633835479e+000	1.021777e+000	1.960140e-003
2.243465833901496e+000	2.050463e-001	3.127623e-003
2.272762708901496e+000	-7.053995e-001	4.018138e-003
2.297280521878230e+000	-1.399500e+000	4.378173e-003
2.318725225676456e+000	-1.900509e+000	4.339762e-003
2.340552717362786e+000	-2.269406e+000	3.998775e-003
2.352943682836220e+000	-2.404586e+000	3.674639e-003
2.360993250896617e+000	-2.461374e+000	3.401042e-003
2.369807784951663e+000	-2.494680e+000	3.053567e-003
2.380567835612590e+000	-2.493883e+000	2.580138e-003
2.391563356250360e+000	-2.446042e+000	2.045390e-003
2.409395438679284e+000	-2.270089e+000	1.104521e-003
2.430837022640728e+000	-1.909415e+000	-7.658420e-005
2.453124173423619e+000	-1.388947e+000	-1.291151e-003
2.475352185095683e+000	-7.620122e-001	-2.383802e-003
2.504649060095683e+000	1.459715e-001	-3.516574e-003
2.533945935095683e+000	1.034393e+000	-4.230346e-003
2.556742802938599e+000	1.635361e+000	-4.399474e-003
2.580164451749150e+000	2.113584e+000	-4.182620e-003
2.601920554613611e+000	2.395592e+000	-3.700982e-003
2.610225171504707e+000	2.457034e+000	-3.435910e-003
2.618877660263537e+000	2.492605e+000	-3.098500e-003
2.630220645991766e+000	2.494622e+000	-2.602963e-003
2.640998522121603e+000	2.449647e+000	-2.081530e-003
2.658483111273381e+000	2.281946e+000	-1.161467e-003
2.679961222701472e+000	1.927059e+000	2.072247e-005
2.702214127788706e+000	1.412627e+000	1.236414e-003
2.724058166226405e+000	8.006281e-001	2.318106e-003
2.753355041226405e+000	-1.053705e-001	3.468664e-003
2.782651916226405e+000	-9.972480e-001	4.205612e-003
2.805556609409629e+000	-1.606994e+000	4.395032e-003
2.829070717290824e+000	-2.095033e+000	4.198486e-003
2.850345669390796e+000	-2.380975e+000	3.745160e-003
2.859045759668563e+000	-2.449924e+000	3.474273e-003
2.867454220714631e+000	-2.488769e+000	3.154638e-003
2.876774839241707e+000	-2.499378e+000	2.759434e-003
2.885389911174678e+000	-2.478722e+000	2.357199e-003
2.899399553265893e+000	-2.383403e+000	1.642521e-003
2.921991159742030e+000	-2.076644e+000	4.173494e-004
2.944183969746806e+000	-1.613229e+000	-8.046584e-004
2.966682096735817e+000	-1.016399e+000	-1.969062e-003
2.993710867599015e+000	-1.973733e-001	-3.136528e-003
3.023007742599015e+000	7.127813e-001	-4.023713e-003
3.047411080962660e+000	1.402897e+000	-4.379153e-003
3.068837271084585e+000	1.902794e+000	-4.338640e-003
3.090642020155478e+000	2.270582e+000	-3.996764e-003
3.102943005310066e+000	2.404580e+000	-3.674580e-003
3.110992741794671e+000	2.461371e+000	-3.400868e-003
3.119807167657043e+000	2.494679e+000	-3.053400e-003
3.130567605350218e+000	2.493884e+000	-2.579960e-003
3.141562981663845e+000	2.446044e+000	-2.045224e-003
3.159394833812846e+000	2.270097e+000	-1.104376e-003
3.180836428657531e+000	1.909427e+000	7.671698e-005
3.203123553162411e+000	1.388963e+000	1.291268e-003
3.225352704612502e+000	7.619967e-001	2.383960e-003
3.254649579612502e+000	-1.459877e-001	3.516709e-003
3.283946454612502e+000	-1.034408e+000	4.230451e-003
3.306743290316535e+000	-1.635373e+000	4.399557e-003
3.330164915371063e+000	-2.113591e+000	4.182679e-003
3.351921595750926e+000	-2.395601e+000	3.701006e-003
3.360225952369442e+000	-2.457038e+000	3.435934e-003
3.368878604648423e+000	-2.492607e+000	3.098510e-003
3.380220998757108e+000	-2.494621e+000	2.602990e-003
3.390999096059101e+000	-2.449643e+000	2.081539e-003
3.408484038562940e+000	-2.281934e+000	1.161447e-003
3.429962175922709e+000	-1.927040e+000	-2.075286e-005
3.452215174009418e+000	-1.412600e+000	-1.236455e-003
3.474059236536378e+000	-8.005963e-001	-2.318147e-003
3.503356111536378e+000	1.054041e-001	-3.468696e-003
3.532652986536378e+000	9.972788e-001	-4.205631e-003
3.555557608552738e+000	1.607018e+000	-4.395038e-003
3.579071656886198e+000	2.095049e+000	-4.198478e-003
3.600346954746417e+000	2.380987e+000	-3.745131e-003
3.609046720784946e+000	2.449930e+000	-3.474249e-003
3.617455378234771e+000	2.488773e+000	-3.154601e-003
3.626776894297542e+000	2.499377e+000	-2.759352e-003
3.635393257138665e+000	2.478708e+000	-2.357048e-003
3.649404983661709e+000	2.383351e+000	-1.642246e-003
3.671999842988206e+000	2.076493e+000	-4.168822e-004
3.694193468024506e+000	1.613001e+000	8.051603e-004
3.716691854408424e+000	1.016119e+000	1.969521e-003
3.743723573596248e+000	1.969754e-001	3.136986e-003
3.773020448596248e+000	-7.131639e-001	4.023999e-003
3.797417873866809e+000	-1.403074e+000	4.379203e-003
3.818843111063599e+000	-1.902913e+000	4.338581e-003
3.840646688550442e+000	-2.270643e+000	3.996660e-003
3.852942986111943e+000	-2.404580e+000	3.674577e-003
3.860992727368962e+000	-2.461371e+000	3.400859e-003
3.869807150165643e+000	-2.494679e+000	3.053392e-003
3.880567598825597e+000	-2.493884e+000	2.579952e-003
3.891562971049714e+000	-2.446044e+000	2.045217e-003
3.909394816673594e+000	-2.270097e+000	1.104370e-003
3.930836408843588e+000	-1.909428e+000	-7.672268e-005
3.953123529870552e+000	-1.388964e+000	-1.291273e-003
3.975352726787095e+000	-7.619960e-001	-2.383966e-003
4.004649601787095e+000	1.459884e-001	-3.516713e-003
4.033946476787095e+000	1.034408e+000	-4.230455e-003
4.056743310137859e+000	1.635373e+000	-4.399560e-003
4.080164933225895e+000	2.113592e+000	-4.182681e-003
4.101921637022782e+000	2.395602e+000	-3.701006e-003
4.110225983323830e+000	2.457039e+000	-3.435934e-003
4.118878642084992e+000	2.492607e+000	-3.098510e-003
4.130221012741146e+000	2.494621e+000	-2.602991e-003
4.140999118810664e+000	2.449643e+000	-2.081539e-003
4.158484075321788e+000	2.281933e+000	-1.161446e-003
4.179962213635770e+000	1.927040e+000	2.075467e-005
4.202215215369944e+000	1.412599e+000	1.236457e-003
4.224059278746059e+000	8.005950e-001	2.318149e-003
4.253356153746059e+000	-1.054054e-001	3.468698e-003
4.282653028746059e+000	-9.972800e-001	4.205632e-003
4.305557647988855e+000	-1.607019e+000	4.395039e-003
4.329071694016349e+000	-2.095050e+000	4.198478e-003
4.350347006925841e+000	-2.380987e+000	3.745130e-003
4.359046759801826e+000	-2.449931e+000	3.474249e-003
4.367455425224822e+000	-2.488773e+000	3.154600e-003
4.376776977723436e+000	-2.499377e+000	2.759349e-003
4.385393392969527e+000	-2.478708e+000	2.357042e-003
4.399405204110744e+000	-2.383349e+000	1.642235e-003
4.422000195486485e+000	-2.076486e+000	4.168633e-004
4.444193853758367e+000	-1.612992e+000	-8.051807e-004
4.466692250896418e+000	-1.016107e+000	-1.969540e-003
4.493724089606345e+000	-1.969592e-001	-3.137004e-003
4.523020964606345e+000	7.131794e-001	-4.024011e-003
4.547418150033974e+000	1.403081e+000	-4.379205e-003
4.568843348626793e+000	1.902918e+000	-4.338578e-003
4.590646878634117e+000	2.270646e+000	-3.996655e-003
4.602942985514646e+000	2.404580e+000	-3.674577e-003
4.610992726920145e+000	2.461371e+000	-3.400859e-003
4.619807149621446e+000	2.494679e+000	-3.053392e-003
4.630567598622601e+000	2.493884e+000	-2.579951e-003
4.641562970719485e+000	2.446044e+000	-2.045217e-003
4.659394816140352e+000	2.270097e+000	-1.104370e-003
4.680836408211943e+000	1.909428e+000	7.672290e-005
4.703123529115450e+000	1.388964e+000	1.291273e-003
4.725352727569423e+000	7.619960e-001	2.383966e-003
4.754649602569423e+000	-1.459885e-001	3.516714e-003
4.783946477569423e+000	-1.034408e+000	4.230455e-003
4.806743310837902e+000	-1.635373e+000	4.399560e-003
4.830164933855913e+000	-2.113592e+000	4.182681e-003
4.851921638463762e+000	-2.395602e+000	3.701006e-003
4.860225984404583e+000	-2.457039e+000	3.435934e-003
4.868878643392067e+000	-2.492607e+000	3.098510e-003
4.880221013229390e+000	-2.494621e+000	2.602991e-003
4.890999119605022e+000	-2.449643e+000	2.081539e-003
4.908484076605202e+000	-2.281933e+000	1.161446e-003
4.929962214981964e+000	-1.927040e+000	-2.075471e-005
4.952215216870165e+000	-1.412599e+000	-1.236457e-003
4.974059280307783e+000	-8.005950e-001	-2.318150e-003
5.003356155307783e+000	1.054055e-001	-3.468698e-003
5.032653030307783e+000	9.972801e-001	-4.205632e-003
5.055557649456296e+000	1.607019e+000	-4.395039e-003
5.079071695405576e+000	2.095050e+000	-4.198478e-003
5.100347008900044e+000	2.380987e+000	-3.745130e-003
5.109046761278027e+000	2.449931e+000	-3.474248e-003
5.117455427002688e+000	2.488773e+000	-3.154600e-003
5.126776980879850e+000	2.499377e+000	-2.759349e-003
5.135393398108680e+000	2.478708e+000	-2.357041e-003
5.149405212451421e+000	2.383349e+000	-1.642235e-003
5.172000208823235e+000	2.076486e+000	-4.168625e-004
5.194193868390687e+000	1.612991e+000	8.051815e-004
5.216692265969209e+000	1.016107e+000	1.969540e-003
5.243724109220765e+000	1.969586e-001	3.137005e-003
5.273020984220765e+000	-7.131800e-001	4.024011e-003
5.297418160529348e+000	-1.403081e+000	4.379205e-003
5.318843357666807e+000	-1.902918e+000	4.338578e-003
5.340646885881213e+000	-2.270646e+000	3.996655e-003
5.352942985499803e+000	-2.404580e+000	3.674577e-003
5.360992726908992e+000	-2.461371e+000	3.400859e-003
5.369807149607922e+000	-2.494679e+000	3.053392e-003
5.380567598617557e+000	-2.493884e+000	2.579951e-003
5.391562970711279e+000	-2.446044e+000	2.045216e-003
5.409394816127103e+000	-2.270097e+000	1.104370e-003
5.430836408162055e+000	-1.909428e+000	-7.672290e-005
5.453123529031847e+000	-1.388964e+000	-1.291273e-003
5.475352727523737e+000	-7.619960e-001	-2.383966e-003
5.504649602523737e+000	1.459885e-001	-3.516714e-003
5.533946477523737e+000	1.034408e+000	-4.230455e-003
5.556743310790994e+000	1.635373e+000	-4.399560e-003
5.580164933808320e+000	2.113592e+000	-4.182681e-003
5.601921638413600e+000	2.395602e+000	-3.701006e-003
5.610225984366961e+000	2.457039e+000	-3.435934e-003
5.618878643346566e+000	2.492607e+000	-3.098510e-003
5.630221013212393e+000	2.494621e+000	-2.602991e-003
5.640999119577367e+000	2.449643e+000	-2.081539e-003
5.658484076560522e+000	2.281933e+000	-1.161446e-003
5.679962214910171e+000	1.927040e+000	2.075471e-005
5.702215216770953e+000	1.412599e+000	1.236457e-003
5.724059280179393e+000	8.005950e-001	2.318150e-003
5.753356155179393e+000	-1.054055e-001	3.468698e-003
5.782653030179393e+000	-9.972801e-001	4.205632e-003
5.805557649338366e+000	-1.607019e+000	4.395039e-003
5.829071695297269e+000	-2.095050e+000	4.198478e-003
5.850347008742802e+000	-2.380987e+000	3.745130e-003
5.859046761160450e+000	-2.449931e+000	3.474248e-003
5.867455426861083e+000	-2.488773e+000	3.154600e-003
5.876776980628446e+000	-2.499377e+000	2.759349e-003
5.885393397699352e+000	-2.478708e+000	2.357041e-003
5.899405211787095e+000	-2.383349e+000	1.642235e-003
5.922000207760977e+000	-2.076486e+000	4.168626e-004
5.944193867193597e+000	-1.612991e+000	-8.051814e-004
5.966692264710664e+000	-1.016107e+000	-1.969540e-003
5.993724107578903e+000	-1.969587e-001	-3.137005e-003
6.023020982578903e+000	7.131800e-001	-4.024011e-003
6.047418159657481e+000	1.403081e+000	-4.379205e-003
6.068843356915713e+000	1.902918e+000	-4.338578e-003
6.090646885278938e+000	2.270646e+000	-3.996655e-003
6.102942985502132e+000	2.404580e+000	-3.674577e-003
6.110992726910742e+000	2.461371e+000	-3.400859e-003
6.119807149610044e+000	2.494679e+000	-3.053392e-003
6.130567598618348e+000	2.493884e+000	-2.579951e-003
6.141562970712565e+000	2.446044e+000	-2.045216e-003
6.159394816129179e+000	2.270097e+000	-1.104370e-003
6.180836408195697e+000	1.909428e+000	7.672290e-005
6.203123529093918e+000	1.388964e+000	1.291273e-003
6.225352727598322e+000	7.619960e-001	2.383966e-003
6.254649602598322e+000	-1.459885e-001	3.516714e-003
6.283946477598322e+000	-1.034408e+000	4.230455e-003
6.306743310855039e+000	-1.635373e+000	4.399560e-003
6.330164933862445e+000	-2.113592e+000	4.182681e-003
6.351921638493679e+000	-2.395602e+000	3.701006e-003
6.360225984427022e+000	-2.457039e+000	3.435934e-003
6.368878643419204e+000	-2.492607e+000	3.098510e-003
6.380221013239527e+000	-2.494621e+000	2.602991e-003
6.390999119621514e+000	-2.449643e+000	2.081539e-003
6.408484076631846e+000	-2.281933e+000	1.161446e-003
6.429962215010345e+000	-1.927040e+000	-2.075471e-005
6.452215216902191e+000	-1.412599e+000	-1.236457e-003
6.474059280341617e+000	-8.005950e-001	-2.318150e-003
6.503356155341617e+000	1.054055e-001	-3.468698e-003
6.532653030341617e+000	9.972801e-001	-4.205632e-003
6.555557649480038e+000	1.607019e+000	-4.395039e-003
6.579071695420245e+000	2.095050e+000	-4.198478e-003
6.600347008923884e+000	2.380987e+000	-3.745130e-003
6.609046761295852e+000	2.449931e+000	-3.474248e-003
6.617455427024156e+000	2.488773e+000	-3.154600e-003
6.626776980917964e+000	2.499377e+000	-2.759349e-003
6.635393398170736e+000	2.478708e+000	-2.357041e-003
6.649405212552136e+000	2.383349e+000	-1.642235e-003
6.672000208984278e+000	2.076486e+000	-4.168625e-004
6.694193868566935e+000	1.612991e+000	8.051815e-004
6.716692266150723e+000	1.016107e+000	1.969540e-003
6.743724109454517e+000	1.969586e-001	3.137005e-003
6.773020984454517e+000	-7.131800e-001	4.024011e-003
6.797418160655368e+000	-1.403081e+000	4.379205e-003
6.818843357767827e+000	-1.902918e+000	4.338578e-003
6.840646885953661e+000	-2.270646e+000	3.996655e-003
6.852942985495812e+000	-2.404580e+000	3.674577e-003
6.860992726905994e+000	-2.461371e+000	3.400859e-003
6.869807149604288e+000	-2.494679e+000	3.053392e-003
6.880567598616201e+000	-2.493884e+000	2.579951e-003
6.891562970709074e+000	-2.446044e+000	2.045216e-003
6.909394816123541e+000	-2.270097e+000	1.104370e-003
6.930836408158322e+000	-1.909428e+000	-7.672290e-005
6.953123529027695e+000	-1.388964e+000	-1.291273e-003
6.975352727518958e+000	-7.619960e-001	-2.383966e-003
7.004649602518958e+000	1.459885e-001	-3.516714e-003
7.033946477518958e+000	1.034408e+000	-4.230455e-003
7.056743310794656e+000	1.635373e+000	-4.399560e-003
7.080164933819715e+000	2.113592e+000	-4.182681e-003
7.101921638427236e+000	2.395602e+000	-3.701006e-003
7.110225984377188e+000	2.457039e+000	-3.435934e-003
7.118878643358935e+000	2.492607e+000	-3.098510e-003
7.130221013217013e+000	2.494621e+000	-2.602991e-003
7.140999119584885e+000	2.449643e+000	-2.081539e-003
7.158484076572668e+000	2.281933e+000	-1.161446e-003
7.179962214921702e+000	1.927040e+000	2.075471e-005
7.202215216782818e+000	1.412599e+000	1.236457e-003
7.224059280190462e+000	8.005950e-001	2.318150e-003
7.253356155190462e+000	-1.054055e-001	3.468698e-003
7.282653030190462e+000	-9.972801e-001	4.205632e-003
7.305557649356604e+000	-1.607019e+000	4.395039e-003
7.329071695322162e+000	-2.095050e+000	4.198478e-003
7.350347008775626e+000	-2.380987e+000	3.745130e-003
7.359046761184992e+000	-2.449931e+000	3.474248e-003
7.367455426890638e+000	-2.488773e+000	3.154600e-003
7.376776980680917e+000	-2.499377e+000	2.759349e-003
7.385393397784784e+000	-2.478708e+000	2.357041e-003
7.399405211925749e+000	-2.383349e+000	1.642235e-003
7.422000207982684e+000	-2.076486e+000	4.168626e-004
7.444193867436350e+000	-1.612991e+000	-8.051814e-004
7.466692264960057e+000	-1.016107e+000	-1.969540e-003
7.493724107905615e+000	-1.969586e-001	-3.137005e-003
7.523020982905615e+000	7.131800e-001	-4.024011e-003
7.547418159831679e+000	1.403081e+000	-4.379205e-003
7.568843357073033e+000	1.902918e+000	-4.338578e-003
7.590646885413318e+000	2.270646e+000	-3.996655e-003
7.602942985505640e+000	2.404580e+000	-3.674577e-003
7.610992726913379e+000	2.461371e+000	-3.400859e-003
7.619807149613242e+000	2.494679e+000	-3.053392e-003
7.630567598619541e+000	2.493884e+000	-2.579951e-003
7.641562970714506e+000	2.446044e+000	-2.045216e-003
7.659394816132313e+000	2.270097e+000	-1.104370e-003
7.680836408198835e+000	1.909428e+000	7.672290e-005
7.703123529097294e+000	1.388964e+000	1.291273e-003
7.725352727603752e+000	7.619960e-001	2.383966e-003
7.754649602603752e+000	-1.459885e-001	3.516714e-003
7.783946477603752e+000	-1.034408e+000	4.230455e-003
7.806743310851991e+000	-1.635373e+000	4.399560e-003
7.830164933851637e+000	-2.113592e+000	4.182681e-003
7.851921638481381e+000	-2.395602e+000	3.701006e-003
7.860225984417797e+000	-2.457039e+000	3.435934e-003
7.868878643408047e+000	-2.492607e+000	3.098510e-003
7.880221013235359e+000	-2.494621e+000	2.602991e-003
7.890999119614734e+000	-2.449643e+000	2.081539e-003
7.908484076620893e+000	-2.281933e+000	1.161446e-003
7.929962215000036e+000	-1.927040e+000	-2.075471e-005
7.952215216891666e+000	-1.412599e+000	-1.236457e-003
7.974059280331913e+000	-8.005950e-001	-2.318150e-003
8.003356155331913e+000	1.054055e-001	-3.468698e-003
8.032653030331913e+000	9.972801e-001	-4.205632e-003
8.055557649463138e+000	1.607019e+000	-4.395039e-003
8.079071695396673e+000	2.095050e+000	-4.198478e-003
8.100347008892939e+000	2.380987e+000	-3.745130e-003
8.109046761272714e+000	2.449931e+000	-3.474248e-003
8.117455426996287e+000	2.488773e+000	-3.154600e-003
8.126776980868486e+000	2.499377e+000	-2.759349e-003
8.135393398090178e+000	2.478708e+000	-2.357041e-003
8.149405212421392e+000	2.383349e+000	-1.642235e-003
8.172000208775218e+000	2.076486e+000	-4.168625e-004
8.194193868338031e+000	1.612991e+000	8.051815e-004
8.216692265915572e+000	1.016107e+000	1.969540e-003
8.243724109146346e+000	1.969586e-001	3.137005e-003
8.273020984146346e+000	-7.131800e-001	4.024011e-003
8.297418160491098e+000	-1.403081e+000	4.379205e-003
8.318843357619109e+000	-1.902918e+000	4.338578e-003
8.340646885826232e+000	-2.270646e+000	3.996655e-003
8.352942985492318e+000	-2.404580e+000	3.674577e-003
8.360992726903367e+000	-2.461371e+000	3.400859e-003
8.369807149601103e+000	-2.494679e+000	3.053392e-003
8.380567598615013e+000	-2.493884e+000	2.579951e-003
8.391562970707140e+000	-2.446044e+000	2.045216e-003
8.409394816120418e+000	-2.270097e+000	1.104370e-003
8.430836408155189e+000	-1.909428e+000	-7.672290e-005
8.453123529024319e+000	-1.388964e+000	-1.291273e-003
8.475352727513583e+000	-7.619960e-001	-2.383966e-003
8.504649602513583e+000	1.459885e-001	-3.516714e-003
8.533946477513583e+000	1.034408e+000	-4.230455e-003
8.556743310797691e+000	1.635373e+000	-4.399560e-003
8.580164933830449e+000	2.113592e+000	-4.182681e-003
8.601921638439469e+000	2.395602e+000	-3.701006e-003
8.610225984386362e+000	2.457039e+000	-3.435934e-003
8.618878643370030e+000	2.492607e+000	-3.098510e-003
8.630221013221158e+000	2.494621e+000	-2.602991e-003
8.640999119591628e+000	2.449643e+000	-2.081539e-003
8.658484076583562e+000	2.281933e+000	-1.161446e-003
8.679962214931958e+000	1.927040e+000	2.075471e-005
8.702215216793290e+000	1.412599e+000	1.236457e-003
8.724059280200120e+000	8.005950e-001	2.318150e-003
8.753356155200120e+000	-1.054055e-001	3.468698e-003
8.782653030200120e+000	-9.972801e-001	4.205632e-003
8.805557649373402e+000	-1.607019e+000	4.395039e-003
8.829071695345581e+000	-2.095050e+000	4.198478e-003
8.850347008806374e+000	-2.380987e+000	3.745130e-003
8.859046761207985e+000	-2.449931e+000	3.474248e-003
8.867455426918331e+000	-2.488773e+000	3.154600e-003
8.876776980730083e+000	-2.499377e+000	2.759349e-003
8.885393397864835e+000	-2.478708e+000	2.357041e-003
8.899405212055669e+000	-2.383349e+000	1.642235e-003
8.922000208190427e+000	-2.076486e+000	4.168626e-004
8.944193867663811e+000	-1.612991e+000	-8.051814e-004
8.966692265193725e+000	-1.016107e+000	-1.969540e-003
8.993724108211840e+000	-1.969586e-001	-3.137005e-003
9.023020983211840e+000	7.131800e-001	-4.024011e-003
9.047418159994914e+000	1.403081e+000	-4.379205e-003
9.068843357220805e+000	1.902918e+000	-4.338578e-003
9.090646885539927e+000	2.270646e+000	-3.996655e-003
9.102942985509108e+000	2.404580e+000	-3.674577e-003
9.110992726915985e+000	2.461371e+000	-3.400859e-003
9.119807149616403e+000	2.494679e+000	-3.053392e-003
9.130567598620720e+000	2.493884e+000	-2.579951e-003
9.141562970716423e+000	2.446044e+000	-2.045216e-003
9.159394816135409e+000	2.270097e+000	-1.104370e-003
9.180836408201943e+000	1.909428e+000	7.672290e-005
9.203123529100644e+000	1.388964e+000	1.291273e-003
9.225352727609089e+000	7.619960e-001	2.383966e-003
9.254649602609089e+000	-1.459885e-001	3.516714e-003
9.283946477609089e+000	-1.034408e+000	4.230455e-003
9.306743310848978e+000	-1.635373e+000	4.399560e-003
9.330164933840978e+000	-2.113592e+000	4.182681e-003
9.351921638469234e+000	-2.395602e+000	3.701006e-003
9.360225984408688e+000	-2.457039e+000	3.435934e-003
9.368878643397032e+000	-2.492607e+000	3.098510e-003
9.380221013231244e+000	-2.494621e+000	2.602991e-003
9.390999119608040e+000	-2.449643e+000	2.081539e-003
9.408484076610078e+000	-2.281933e+000	1.161446e-003
9.429962214989857e+000	-1.927040e+000	-2.075471e-005
9.452215216881273e+000	-1.412599e+000	-1.236457e-003
9.474059280322329e+000	-8.005950e-001	-2.318150e-003
9.503356155322329e+000	1.054055e-001	-3.468698e-003
9.532653030322329e+000	9.972801e-001	-4.205632e-003
9.555557649446465e+000	1.607019e+000	-4.395039e-003
9.579071695373427e+000	2.095050e+000	-4.198478e-003
9.600347008862418e+000	2.380987e+000	-3.745130e-003
9.609046761249891e+000	2.449931e+000	-3.474248e-003
9.617455426968801e+000	2.488773e+000	-3.154600e-003
9.626776980819688e+000	2.499377e+000	-2.759349e-003
9.635393398010725e+000	2.478708e+000	-2.357041e-003
9.649405212292443e+000	2.383349e+000	-1.642235e-003
9.672000208569028e+000	2.076486e+000	-4.168626e-004
9.694193868112270e+000	1.612991e+000	8.051814e-004
9.716692265683653e+000	1.016107e+000	1.969540e-003
9.743724108842411e+000	1.969586e-001	3.137005e-003
9.773020983842411e+000	-7.131800e-001	4.024011e-003
9.797418160329084e+000	-1.403081e+000	4.379205e-003
9.818843357472440e+000	-1.902918e+000	4.338578e-003
9.840646885700568e+000	-2.270646e+000	3.996655e-003
9.852942985488879e+000	-2.404580e+000	3.674577e-003
9.860992726900783e+000	-2.461371e+000	3.400859e-003
9.869807149597968e+000	-2.494679e+000	3.053392e-003
9.880567598613844e+000	-2.493884e+000	2.579951e-003
9.891562970705238e+000	-2.446044e+000	2.045216e-003
9.909394816117347e+000	-2.270097e+000	1.104370e-003
9.930836408152105e+000	-1.909428e+000	-7.672290e-005
9.953123529020994e+000	-1.388964e+000	-1.291273e-003
9.975352727508286e+000	-7.619960e-001	-2.383966e-003
1.000464960250829e+001	1.459885e-001	-3.516714e-003
1.003394647750829e+001	1.034408e+000	-4.230455e-003
1.005674331080068e+001	1.635373e+000	-4.399560e-003
1.008016493384103e+001	2.113592e+000	-4.182681e-003
1.010192163845153e+001	2.395602e+000	-3.701006e-003
1.011022598439541e+001	2.457039e+000	-3.435934e-003
1.011887864338097e+001	2.492607e+000	-3.098510e-003
1.013022101322525e+001	2.494621e+000	-2.602991e-003
1.014099911959828e+001	2.449643e+000	-2.081539e-003
1.015848407659431e+001	2.281933e+000	-1.161446e-003
1.017996221494207e+001	1.927040e+000	2.075471e-005
1.020221521680361e+001	1.412599e+000	1.236457e-003
1.022405928020964e+001	8.005950e-001	2.318150e-003
1.025335615520964e+001	-1.054055e-001	3.468698e-003
1.028265303020964e+001	-9.972801e-001	4.205632e-003
1.030555764938996e+001	-1.607019e+000	4.395039e-003
1.032907169536866e+001	-2.095050e+000	4.198478e-003
1.035034700883668e+001	-2.380987e+000	3.745130e-003
1.035904676123064e+001	-2.449931e+000	3.474248e-003
1.036745542694562e+001	-2.488773e+000	3.154600e-003
1.037677698077853e+001	-2.499377e+000	2.759349e-003
1.038539339794372e+001	-2.478708e+000	2.357041e-003
1.039940521218369e+001	-2.383349e+000	1.642235e-003
1.042200020839514e+001	-2.076486e+000	4.168626e-004
1.044419386788795e+001	-1.612991e+000	-8.051814e-004
1.046669226542397e+001	-1.016107e+000	-1.969540e-003
1.049372410851359e+001	-1.969586e-001	-3.137005e-003
1.052302098351359e+001	7.131800e-001	-4.024011e-003
1.054741816015576e+001	1.403081e+000	-4.379205e-003
1.056884335736642e+001	1.902918e+000	-4.338578e-003
1.059064688566468e+001	2.270646e+000	-3.996655e-003
1.060294298551252e+001	2.404580e+000	-3.674577e-003
1.061099272691855e+001	2.461371e+000	-3.400859e-003
1.061980714961951e+001	2.494679e+000	-3.053392e-003
1.063056759862188e+001	2.493884e+000	-2.579951e-003
1.064156297071831e+001	2.446044e+000	-2.045216e-003
1.065939481613846e+001	2.270097e+000	-1.104370e-003
1.068083640820501e+001	1.909428e+000	7.672290e-005
1.070312352910395e+001	1.388964e+000	1.291273e-003
1.072535272761435e+001	7.619960e-001	2.383966e-003
1.075464960261435e+001	-1.459885e-001	3.516714e-003
1.078394647761435e+001	-1.034408e+000	4.230455e-003
1.080674331084601e+001	-1.635373e+000	4.399560e-003
1.083016493383048e+001	-2.113592e+000	4.182681e-003
1.085192163845727e+001	-2.395602e+000	3.701006e-003
1.086022598439971e+001	-2.457039e+000	3.435934e-003
1.086887864338617e+001	-2.492607e+000	3.098510e-003
1.088022101322719e+001	-2.494621e+000	2.602991e-003
1.089099911960144e+001	-2.449643e+000	2.081539e-003
1.090848407659941e+001	-2.281933e+000	1.161446e-003
1.092996221497982e+001	-1.927040e+000	-2.075471e-005
1.095221521687103e+001	-1.412599e+000	-1.236457e-003
1.097405928031289e+001	-8.005950e-001	-2.318150e-003
1.100335615531289e+001	1.054055e-001	-3.468698e-003
1.103265303031289e+001	9.972801e-001	-4.205632e-003
1.105555764943004e+001	1.607019e+000	-4.395039e-003
1.107907169535052e+001	2.095050e+000	-4.198478e-003
1.110034700883234e+001	2.380987e+000	-3.745130e-003
1.110904676122740e+001	2.449931e+000	-3.474248e-003
1.111745542694172e+001	2.488773e+000	-3.154600e-003
1.112677698077161e+001	2.499377e+000	-2.759349e-003
1.113539339793244e+001	2.478708e+000	-2.357041e-003
1.114940521216539e+001	2.383349e+000	-1.642235e-003
1.117200020836587e+001	2.076486e+000	-4.168626e-004
1.119419386788984e+001	1.612991e+000	8.051814e-004
1.121669226545515e+001	1.016107e+000	1.969540e-003
1.124372410854295e+001	1.969586e-001	3.137005e-003
1.127302098354295e+001	-7.131800e-001	4.024011e-003
1.129741816016946e+001	-1.403081e+000	4.379205e-003
1.131884335732793e+001	-1.902918e+000	4.338578e-003
1.134064688557676e+001	-2.270646e+000	3.996655e-003
1.135294298548549e+001	-2.404580e+000	3.674577e-003
1.136099272689824e+001	-2.461371e+000	3.400859e-003
1.136980714959488e+001	-2.494679e+000	3.053392e-003
1.138056759861269e+001	-2.493884e+000	2.579951e-003
1.139156297070336e+001	-2.446044e+000	2.045216e-003
1.140939481611432e+001	-2.270097e+000	1.104370e-003
1.143083640814906e+001	-1.909428e+000	-7.672290e-005
1.145312352901771e+001	-1.388964e+000	-1.291273e-003
1.147535272750306e+001	-7.619960e-001	-2.383966e-003
1.150464960250306e+001	1.459885e-001	-3.516714e-003
1.153394647750306e+001	1.034408e+000	-4.230455e-003
1.155674331080363e+001	1.635373e+000	-4.399560e-003
1.158016493385145e+001	2.113592e+000	-4.182681e-003
1.160192163846340e+001	2.395602e+000	-3.701006e-003
1.161022598440431e+001	2.457039e+000	-3.435934e-003
1.161887864339174e+001	2.492607e+000	-3.098510e-003
1.163022101322927e+001	2.494621e+000	-2.602991e-003
1.164099911960483e+001	2.449643e+000	-2.081539e-003
1.165848407660488e+001	2.281933e+000	-1.161446e-003
1.167996221495202e+001	1.927040e+000	2.075471e-005
1.170221521681377e+001	1.412599e+000	1.236457e-003
1.172405928021900e+001	8.005950e-001	2.318150e-003
1.175335615521900e+001	-1.054055e-001	3.468698e-003
1.178265303021900e+001	-9.972801e-001	4.205632e-003
1.180555764940625e+001	-1.607019e+000	4.395039e-003
1.182907169539139e+001	-2.095050e+000	4.198478e-003
1.185034700886652e+001	-2.380987e+000	3.745130e-003
1.185904676125296e+001	-2.449931e+000	3.474248e-003
1.186745542697250e+001	-2.488773e+000	3.154600e-003
1.187677698082625e+001	-2.499377e+000	2.759349e-003
1.188539339802141e+001	-2.478708e+000	2.357041e-003
1.189940521230978e+001	-2.383349e+000	1.642235e-003
1.192200020859675e+001	-2.076486e+000	4.168626e-004
1.194419386810869e+001	-1.612991e+000	-8.051814e-004
1.196669226565073e+001	-1.016107e+000	-1.969540e-003
1.199372410881076e+001	-1.969586e-001	-3.137005e-003
1.202302098381076e+001	7.131800e-001	-4.024011e-003
1.204741816031417e+001	1.403081e+000	-4.379205e-003
1.206884335750983e+001	1.902918e+000	-4.338578e-003
1.209064688578756e+001	2.270646e+000	-3.996655e-003
1.210294298551589e+001	2.404580e+000	-3.674577e-003
1.211099272692108e+001	2.461371e+000	-3.400859e-003
1.211980714962258e+001	2.494679e+000	-3.053392e-003
1.213056759862302e+001	2.493884e+000	-2.579951e-003
1.214156297072017e+001	2.446044e+000	-2.045216e-003
1.215939481614146e+001	2.270097e+000	-1.104370e-003
1.218083640820802e+001	1.909428e+000	7.672290e-005
1.220312352910721e+001	1.388964e+000	1.291273e-003
1.222535272761954e+001	7.619960e-001	2.383966e-003
1.225464960261954e+001	-1.459885e-001	3.516714e-003
1.228394647761954e+001	-1.034408e+000	4.230455e-003
1.230674331084309e+001	-1.635373e+000	4.399560e-003
1.233016493382013e+001	-2.113592e+000	4.182681e-003
1.235192163844548e+001	-2.395602e+000	3.701006e-003
1.236022598439087e+001	-2.457039e+000	3.435934e-003
1.236887864337548e+001	-2.492607e+000	3.098510e-003
1.238022101322320e+001	-2.494621e+000	2.602991e-003
1.239099911959494e+001	-2.449643e+000	2.081539e-003
1.240848407658892e+001	-2.281933e+000	1.161446e-003
1.242996221496995e+001	-1.927040e+000	-2.075471e-005
1.245221521686095e+001	-1.412599e+000	-1.236457e-003
1.247405928030360e+001	-8.005950e-001	-2.318150e-003
1.250335615530360e+001	1.054055e-001	-3.468698e-003
1.253265303030360e+001	9.972801e-001	-4.205632e-003
1.255555764941387e+001	1.607019e+000	-4.395039e-003
1.257907169532797e+001	2.095050e+000	-4.198478e-003
1.260034700880273e+001	2.380987e+000	-3.745130e-003
1.260904676120526e+001	2.449931e+000	-3.474248e-003
1.261745542691505e+001	2.488773e+000	-3.154600e-003
1.262677698072426e+001	2.499377e+000	-2.759349e-003
1.263539339785535e+001	2.478708e+000	-2.357041e-003
1.264940521204027e+001	2.383349e+000	-1.642235e-003
1.267200020816580e+001	2.076486e+000	-4.168626e-004
1.269419386767078e+001	1.612991e+000	8.051814e-004
1.271669226523012e+001	1.016107e+000	1.969540e-003
1.274372410824805e+001	1.969586e-001	3.137005e-003
1.277302098324805e+001	-7.131800e-001	4.024011e-003
1.279741816001226e+001	-1.403081e+000	4.379205e-003
1.281884335718561e+001	-1.902918e+000	4.338578e-003
1.284064688545481e+001	-2.270646e+000	3.996655e-003
1.285294298548214e+001	-2.404580e+000	3.674577e-003
1.286099272689572e+001	-2.461371e+000	3.400859e-003
1.286980714959183e+001	-2.494679e+000	3.053392e-003
1.288056759861156e+001	-2.493884e+000	2.579951e-003
1.289156297070152e+001	-2.446044e+000	2.045216e-003
1.290939481611134e+001	-2.270097e+000	1.104370e-003
1.293083640814606e+001	-1.909428e+000	-7.672290e-005
1.295312352901447e+001	-1.388964e+000	-1.291273e-003
1.297535272749791e+001	-7.619960e-001	-2.383966e-003
1.300464960249791e+001	1.459885e-001	-3.516714e-003
1.303394647749791e+001	1.034408e+000	-4.230455e-003
1.305674331080652e+001	1.635373e+000	-4.399560e-003
1.308016493386172e+001	2.113592e+000	-4.182681e-003
1.310192163847510e+001	2.395602e+000	-3.701006e-003
1.311022598441308e+001	2.457039e+000	-3.435934e-003
1.311887864340235e+001	2.492607e+000	-3.098510e-003
1.313022101323323e+001	2.494621e+000	-2.602991e-003
1.314099911961127e+001	2.449643e+000	-2.081539e-003
1.315848407661530e+001	2.281933e+000	-1.161446e-003
1.317996221496182e+001	1.927040e+000	2.075471e-005
1.320221521682376e+001	1.412599e+000	1.236457e-003
1.322405928022820e+001	8.005950e-001	2.318150e-003
1.325335615522820e+001	-1.054055e-001	3.468698e-003
1.328265303022820e+001	-9.972801e-001	4.205632e-003
1.330555764942229e+001	-1.607019e+000	4.395039e-003
1.332907169541377e+001	-2.095050e+000	4.198478e-003
1.335034700889590e+001	-2.380987e+000	3.745130e-003
1.335904676127492e+001	-2.449931e+000	3.474248e-003
1.336745542699895e+001	-2.488773e+000	3.154600e-003
1.337677698087321e+001	-2.499377e+000	2.759349e-003
1.338539339809787e+001	-2.478708e+000	2.357041e-003
1.339940521243388e+001	-2.383349e+000	1.642235e-003
1.342200020879518e+001	-2.076486e+000	4.168625e-004
1.344419386832595e+001	-1.612991e+000	-8.051815e-004
1.346669226587391e+001	-1.016107e+000	-1.969540e-003
1.349372410910325e+001	-1.969586e-001	-3.137005e-003
1.352302098410325e+001	7.131800e-001	-4.024011e-003
1.354741816047008e+001	1.403081e+000	-4.379205e-003
1.356884335765098e+001	1.902918e+000	-4.338578e-003
1.359064688590852e+001	2.270646e+000	-3.996655e-003
1.360294298551921e+001	2.404580e+000	-3.674577e-003
1.361099272692358e+001	2.461371e+000	-3.400859e-003
1.361980714962561e+001	2.494679e+000	-3.053392e-003
1.363056759862415e+001	2.493884e+000	-2.579951e-003
1.364156297072201e+001	2.446044e+000	-2.045216e-003
1.365939481614443e+001	2.270097e+000	-1.104370e-003
1.368083640821101e+001	1.909428e+000	7.672290e-005
1.370312352911043e+001	1.388964e+000	1.291273e-003
1.372535272762467e+001	7.619960e-001	2.383966e-003
1.375464960262467e+001	-1.459885e-001	3.516714e-003
1.378394647762467e+001	-1.034408e+000	4.230455e-003
1.380674331084023e+001	-1.635373e+000	4.399560e-003
1.383016493380995e+001	-2.113592e+000	4.182681e-003
1.385192163843389e+001	-2.395602e+000	3.701006e-003
1.386022598438218e+001	-2.457039e+000	3.435934e-003
1.386887864336497e+001	-2.492607e+000	3.098510e-003
1.388022101321927e+001	-2.494621e+000	2.602991e-003
1.389099911958856e+001	-2.449643e+000	2.081539e-003
1.390848407657860e+001	-2.281933e+000	1.161446e-003
1.392996221496024e+001	-1.927040e+000	-2.075471e-005
1.395221521685105e+001	-1.412599e+000	-1.236457e-003
1.397405928029448e+001	-8.005950e-001	-2.318150e-003
1.400335615529448e+001	1.054055e-001	-3.468698e-003
1.403265303029448e+001	9.972801e-001	-4.205632e-003
1.405555764939795e+001	1.607019e+000	-4.395039e-003
1.407907169530576e+001	2.095050e+000	-4.198478e-003
1.410034700877358e+001	2.380987e+000	-3.745130e-003
1.410904676118346e+001	2.449931e+000	-3.474248e-003
1.411745542688880e+001	2.488773e+000	-3.154600e-003
1.412677698067765e+001	2.499377e+000	-2.759349e-003
1.413539339777946e+001	2.478708e+000	-2.357041e-003
1.414940521191710e+001	2.383349e+000	-1.642235e-003
1.417200020796886e+001	2.076486e+000	-4.168626e-004
1.419419386745516e+001	1.612991e+000	8.051814e-004
1.421669226500863e+001	1.016107e+000	1.969540e-003
1.424372410795777e+001	1.969586e-001	3.137005e-003
1.427302098295777e+001	-7.131800e-001	4.024011e-003
1.429741815985753e+001	-1.403081e+000	4.379205e-003
1.431884335704552e+001	-1.902918e+000	4.338578e-003
1.434064688533476e+001	-2.270646e+000	3.996655e-003
1.435294298547885e+001	-2.404580e+000	3.674577e-003
1.436099272689325e+001	-2.461371e+000	3.400859e-003
1.436980714958883e+001	-2.494679e+000	3.053392e-003
1.438056759861044e+001	-2.493884e+000	2.579951e-003
1.439156297069969e+001	-2.446044e+000	2.045216e-003
1.440939481610839e+001	-2.270097e+000	1.104370e-003
1.443083640814310e+001	-1.909428e+000	-7.672290e-005
1.445312352901127e+001	-1.388964e+000	-1.291273e-003
1.447535272749282e+001	-7.619960e-001	-2.383966e-003
1.450464960249282e+001	1.459885e-001	-3.516714e-003
1.453394647749282e+001	1.034408e+000	-4.230455e-003
1.455674331080937e+001	1.635373e+000	-4.399560e-003
1.458016493387183e+001	2.113592e+000	-4.182681e-003
1.460192163848662e+001	2.395602e+000	-3.701006e-003
1.461022598442172e+001	2.457039e+000	-3.435934e-003
1.461887864341280e+001	2.492607e+000	-3.098510e-003
1.463022101323713e+001	2.494621e+000	-2.602991e-003
1.464099911961762e+001	2.449643e+000	-2.081539e-003
1.465848407662556e+001	2.281933e+000	-1.161446e-003
1.467996221497146e+001	1.927040e+000	2.075471e-005
1.470221521683361e+001	1.412599e+000	1.236457e-003
1.472405928023727e+001	8.005950e-001	2.318150e-003
1.475335615523727e+001	-1.054055e-001	3.468698e-003
1.478265303023727e+001	-9.972801e-001	4.205632e-003
1.480555764943810e+001	-1.607019e+000	4.395039e-003
1.482907169543583e+001	-2.095050e+000	4.198478e-003
1.485034700892485e+001	-2.380987e+000	3.745130e-003
1.485904676129657e+001	-2.449931e+000	3.474248e-003
1.486745542702502e+001	-2.488773e+000	3.154600e-003
1.487677698091950e+001	-2.499377e+000	2.759349e-003
1.488539339817324e+001	-2.478708e+000	2.357041e-003
1.489940521255620e+001	-2.383349e+000	1.642235e-003
1.492200020899078e+001	-2.076486e+000	4.168625e-004
1.494419386854011e+001	-1.612991e+000	-8.051815e-004
1.496669226609391e+001	-1.016107e+000	-1.969540e-003
1.499372410939156e+001	-1.969586e-001	-3.137005e-003
1.502302098439156e+001	7.131800e-001	-4.024011e-003
1.504741816062376e+001	1.403081e+000	-4.379205e-003
1.506884335779012e+001	1.902918e+000	-4.338578e-003
1.509064688602774e+001	2.270646e+000	-3.996655e-003
1.510294298552248e+001	2.404580e+000	-3.674577e-003
1.511099272692603e+001	2.461371e+000	-3.400859e-003
1.511980714962859e+001	2.494679e+000	-3.053392e-003
1.513056759862527e+001	2.493884e+000	-2.579951e-003
1.514156297072382e+001	2.446044e+000	-2.045216e-003
1.515939481614735e+001	2.270097e+000	-1.104370e-003
1.518083640821395e+001	1.909428e+000	7.672290e-005
1.520312352911361e+001	1.388964e+000	1.291273e-003
1.522535272762973e+001	7.619960e-001	2.383966e-003
1.525464960262973e+001	-1.459885e-001	3.516714e-003
1.528394647762973e+001	-1.034408e+000	4.230455e-003
1.530674331083741e+001	-1.635373e+000	4.399560e-003
1.533016493379992e+001	-2.113592e+000	4.182681e-003
1.535192163842246e+001	-2.395602e+000	3.701006e-003
1.536022598437361e+001	-2.457039e+000	3.435934e-003
1.536887864335461e+001	-2.492607e+000	3.098510e-003
1.538022101321540e+001	-2.494621e+000	2.602991e-003
1.539099911958226e+001	-2.449643e+000	2.081539e-003
1.540848407656842e+001	-2.281933e+000	1.161446e-003
1.542996221495067e+001	-1.927040e+000	-2.075471e-005
1.545221521684129e+001	-1.412599e+000	-1.236457e-003
1.547405928028550e+001	-8.005950e-001	-2.318150e-003
1.550335615528550e+001	1.054055e-001	-3.468698e-003
1.553265303028550e+001	9.972801e-001	-4.205632e-003
1.555555764938227e+001	1.607019e+000	-4.395039e-003
1.557907169528387e+001	2.095050e+000	-4.198478e-003
1.560034700874485e+001	2.380987e+000	-3.745130e-003
1.560904676116198e+001	2.449931e+000	-3.474248e-003
1.561745542686293e+001	2.488773e+000	-3.154600e-003
1.562677698063172e+001	2.499377e+000	-2.759349e-003
1.563539339770469e+001	2.478708e+000	-2.357041e-003
1.564940521179575e+001	2.383349e+000	-1.642235e-003
1.567200020777482e+001	2.076486e+000	-4.168626e-004
1.569419386724271e+001	1.612991e+000	8.051814e-004
1.571669226479039e+001	1.016107e+000	1.969540e-003
1.574372410767176e+001	1.969586e-001	3.137005e-003
1.577302098267176e+001	-7.131800e-001	4.024011e-003
1.579741815970507e+001	-1.403081e+000	4.379205e-003
1.581884335690749e+001	-1.902918e+000	4.338578e-003
1.584064688521648e+001	-2.270646e+000	3.996655e-003
1.585294298547560e+001	-2.404580e+000	3.674577e-003
1.586099272689081e+001	-2.461371e+000	3.400859e-003
1.586980714958587e+001	-2.494679e+000	3.053392e-003
1.588056759860933e+001	-2.493884e+000	2.579951e-003
1.589156297069790e+001	-2.446044e+000	2.045216e-003
1.590939481610550e+001	-2.270097e+000	1.104370e-003
1.593083640814018e+001	-1.909428e+000	-7.672290e-005
1.595312352900812e+001	-1.388964e+000	-1.291273e-003
1.597535272748780e+001	-7.619960e-001	-2.383966e-003
1.600464960248780e+001	1.459885e-001	-3.516714e-003
1.603394647748780e+001	1.034408e+000	-4.230455e-003
1.605674331081217e+001	1.635373e+000	-4.399560e-003
1.608016493388179e+001	2.113592e+000	-4.182681e-003
1.610192163849796e+001	2.395602e+000	-3.701006e-003
1.611022598443023e+001	2.457039e+000	-3.435934e-003
1.611887864342308e+001	2.492607e+000	-3.098510e-003
1.613022101324098e+001	2.494621e+000	-2.602991e-003
1.614099911962387e+001	2.449643e+000	-2.081539e-003
1.615848407663566e+001	2.281933e+000	-1.161446e-003
1.617996221498096e+001	1.927040e+000	2.075471e-005
1.620221521684330e+001	1.412599e+000	1.236457e-003
1.622405928024618e+001	8.005950e-001	2.318150e-003
1.625335615524618e+001	-1.054055e-001	3.468698e-003
1.628265303024618e+001	-9.972801e-001	4.205632e-003
1.630555764945366e+001	-1.607019e+000	4.395039e-003
1.632907169545755e+001	-2.095050e+000	4.198478e-003
1.635034700895337e+001	-2.380987e+000	3.745130e-003
1.635904676131790e+001	-2.449931e+000	3.474248e-003
1.636745542705071e+001	-2.488773e+000	3.154600e-003
1.637677698096510e+001	-2.499377e+000	2.759349e-003
1.638539339824749e+001	-2.478708e+000	2.357041e-003
1.639940521267670e+001	-2.383349e+000	1.642235e-003
1.642200020918346e+001	-2.076486e+000	4.168625e-004
1.644419386875106e+001	-1.612991e+000	-8.051815e-004
1.646669226631061e+001	-1.016107e+000	-1.969540e-003
1.649372410967555e+001	-1.969586e-001	-3.137005e-003
1.652302098467555e+001	7.131801e-001	-4.024011e-003
1.654741816077515e+001	1.403081e+000	-4.379205e-003
1.656884335792718e+001	1.902918e+000	-4.338578e-003
1.659064688614519e+001	2.270646e+000	-3.996655e-003
1.660294298552570e+001	2.404580e+000	-3.674577e-003
1.661099272692846e+001	2.461371e+000	-3.400859e-003
1.661980714963152e+001	2.494679e+000	-3.053392e-003
1.663056759862636e+001	2.493884e+000	-2.579951e-003
1.664156297072560e+001	2.446044e+000	-2.045216e-003
1.665939481615023e+001	2.270097e+000	-1.104370e-003
1.668083640821685e+001	1.909428e+000	7.672290e-005
1.670312352911675e+001	1.388964e+000	1.291273e-003
1.672535272763471e+001	7.619960e-001	2.383966e-003
1.675464960263471e+001	-1.459885e-001	3.516714e-003
1.678394647763471e+001	-1.034408e+000	4.230455e-003
1.680674331083462e+001	-1.635373e+000	4.399560e-003
1.683016493379003e+001	-2.113592e+000	4.182681e-003
1.685192163841120e+001	-2.395602e+000	3.701006e-003
1.686022598436516e+001	-2.457039e+000	3.435934e-003
1.686887864334438e+001	-2.492607e+000	3.098510e-003
1.688022101321158e+001	-2.494621e+000	2.602991e-003
1.689099911957604e+001	-2.449643e+000	2.081539e-003
1.690848407655838e+001	-2.281933e+000	1.161446e-003
1.692996221494123e+001	-1.927040e+000	-2.075471e-005
1.695221521683166e+001	-1.412599e+000	-1.236457e-003
1.697405928027663e+001	-8.005950e-001	-2.318150e-003
1.700335615527663e+001	1.054055e-001	-3.468698e-003
1.703265303027663e+001	9.972801e-001	-4.205632e-003
1.705555764936682e+001	1.607019e+000	-4.395039e-003
1.707907169526230e+001	2.095050e+000	-4.198478e-003
1.710034700871654e+001	2.380987e+000	-3.745130e-003
1.710904676114081e+001	2.449931e+000	-3.474248e-003
1.711745542683742e+001	2.488773e+000	-3.154600e-003
1.712677698058644e+001	2.499377e+000	-2.759349e-003
1.713539339763096e+001	2.478708e+000	-2.357041e-003
1.714940521167610e+001	2.383349e+000	-1.642235e-003
1.717200020758350e+001	2.076486e+000	-4.168626e-004
1.719419386703324e+001	1.612991e+000	8.051814e-004
1.721669226457523e+001	1.016107e+000	1.969540e-003
1.724372410738978e+001	1.969587e-001	3.137005e-003
1.727302098238978e+001	-7.131799e-001	4.024011e-003
1.729741815955476e+001	-1.403081e+000	4.379205e-003
1.731884335677140e+001	-1.902918e+000	4.338578e-003
1.734064688509986e+001	-2.270646e+000	3.996655e-003
1.735294298547240e+001	-2.404580e+000	3.674577e-003
1.736099272688840e+001	-2.461371e+000	3.400859e-003
1.736980714958295e+001	-2.494679e+000	3.053392e-003
1.738056759860824e+001	-2.493884e+000	2.579951e-003
1.739156297069613e+001	-2.446044e+000	2.045216e-003
1.740939481610263e+001	-2.270097e+000	1.104370e-003
1.743083640813729e+001	-1.909428e+000	-7.672290e-005
1.745312352900499e+001	-1.388964e+000	-1.291273e-003
1.747535272748283e+001	-7.619960e-001	-2.383966e-003
1.750464960248283e+001	1.459885e-001	-3.516714e-003
1.753394647748283e+001	1.034408e+000	-4.230455e-003
1.755674331081491e+001	1.635373e+000	-4.399560e-003
1.758016493389160e+001	2.113592e+000	-4.182681e-003
1.760192163850912e+001	2.395602e+000	-3.701006e-003
1.761022598443860e+001	2.457039e+000	-3.435934e-003
1.761887864343321e+001	2.492607e+000	-3.098510e-003
1.763022101324476e+001	2.494621e+000	-2.602991e-003
1.764099911963003e+001	2.449643e+000	-2.081539e-003
1.765848407664561e+001	2.281933e+000	-1.161446e-003
1.767996221499032e+001	1.927040e+000	2.075471e-005
1.770221521685283e+001	1.412599e+000	1.236457e-003
1.772405928025496e+001	8.005950e-001	2.318150e-003
1.775335615525496e+001	-1.054055e-001	3.468698e-003
1.778265303025496e+001	-9.972801e-001	4.205632e-003
1.780555764946899e+001	-1.607019e+000	4.395039e-003
1.782907169547895e+001	-2.095050e+000	4.198478e-003
1.785034700898145e+001	-2.380987e+000	3.745130e-003
1.785904676133890e+001	-2.449931e+000	3.474248e-003
1.786745542707600e+001	-2.488773e+000	3.154600e-003
1.787677698101000e+001	-2.499377e+000	2.759349e-003
1.788539339832058e+001	-2.478708e+000	2.357041e-003
1.789940521279533e+001	-2.383349e+000	1.642235e-003
1.792200020937315e+001	-2.076486e+000	4.168625e-004
1.794419386895874e+001	-1.612991e+000	-8.051815e-004
1.796669226652394e+001	-1.016107e+000	-1.969540e-003
1.799372410995513e+001	-1.969586e-001	-3.137005e-003
1.802302098495513e+001	7.131801e-001	-4.024011e-003
1.804741816092418e+001	1.403081e+000	-4.379205e-003
1.806884335806213e+001	1.902918e+000	-4.338578e-003
1.809064688626084e+001	2.270646e+000	-3.996655e-003
1.810294298552888e+001	2.404580e+000	-3.674577e-003
1.811099272693085e+001	2.461371e+000	-3.400859e-003
1.811980714963442e+001	2.494679e+000	-3.053392e-003
1.813056759862744e+001	2.493884e+000	-2.579951e-003
1.814156297072736e+001	2.446044e+000	-2.045216e-003
1.815939481615306e+001	2.270097e+000	-1.104370e-003
1.818083640821972e+001	1.909428e+000	7.672290e-005
1.820312352911985e+001	1.388964e+000	1.291273e-003
1.822535272763964e+001	7.619960e-001	2.383966e-003
1.825464960263964e+001	-1.459885e-001	3.516714e-003
1.828394647763964e+001	-1.034408e+000	4.230455e-003
1.830674331083189e+001	-1.635373e+000	4.399560e-003
1.833016493378029e+001	-2.113592e+000	4.182681e-003
1.835192163840011e+001	-2.395602e+000	3.701006e-003
1.836022598435684e+001	-2.457039e+000	3.435934e-003
1.836887864333433e+001	-2.492607e+000	3.098510e-003
1.838022101320782e+001	-2.494621e+000	2.602991e-003
1.839099911956993e+001	-2.449643e+000	2.081539e-003
1.840848407654850e+001	-2.281933e+000	1.161446e-003
1.842996221493195e+001	-1.927040e+000	-2.075471e-005
1.845221521682220e+001	-1.412599e+000	-1.236457e-003
1.847405928026793e+001	-8.005950e-001	-2.318150e-003
1.850335615526793e+001	1.054055e-001	-3.468698e-003
1.853265303026793e+001	9.972801e-001	-4.205632e-003
1.855555764935161e+001	1.607019e+000	-4.395039e-003
1.857907169524107e+001	2.095050e+000	-4.198478e-003
1.860034700868866e+001	2.380987e+000	-3.745130e-003
1.860904676111996e+001	2.449931e+000	-3.474248e-003
1.861745542681232e+001	2.488773e+000	-3.154600e-003
1.862677698054187e+001	2.499377e+000	-2.759349e-003
1.863539339755839e+001	2.478708e+000	-2.357041e-003
1.864940521155832e+001	2.383349e+000	-1.642235e-003
1.867200020739517e+001	2.076486e+000	-4.168627e-004
1.869419386682705e+001	1.612991e+000	8.051813e-004
1.871669226436342e+001	1.016107e+000	1.969540e-003
1.874372410711220e+001	1.969587e-001	3.137005e-003
1.877302098211220e+001	-7.131799e-001	4.024011e-003
1.879741815940679e+001	-1.403081e+000	4.379205e-003
1.881884335663742e+001	-1.902918e+000	4.338578e-003
1.884064688498505e+001	-2.270646e+000	3.996655e-003
1.885294298546925e+001	-2.404580e+000	3.674577e-003
1.886099272688603e+001	-2.461371e+000	3.400859e-003
1.886980714958008e+001	-2.494679e+000	3.053392e-003
1.888056759860717e+001	-2.493884e+000	2.579951e-003
1.889156297069438e+001	-2.446044e+000	2.045216e-003
1.890939481609982e+001	-2.270097e+000	1.104370e-003
1.893083640813445e+001	-1.909428e+000	-7.672290e-005
1.895312352900192e+001	-1.388964e+000	-1.291273e-003
1.897535272747794e+001	-7.619960e-001	-2.383966e-003
1.900464960247794e+001	1.459885e-001	-3.516714e-003
1.903394647747794e+001	1.034408e+000	-4.230455e-003
1.905674331081762e+001	1.635373e+000	-4.399560e-003
1.908016493390126e+001	2.113592e+000	-4.182681e-003
1.910192163852013e+001	2.395602e+000	-3.701006e-003
1.911022598444686e+001	2.457039e+000	-3.435934e-003
1.911887864344320e+001	2.492607e+000	-3.098510e-003
1.913022101324849e+001	2.494621e+000	-2.602991e-003
1.914099911963609e+001	2.449643e+000	-2.081539e-003
1.915848407665540e+001	2.281933e+000	-1.161446e-003
1.917996221499952e+001	1.927040e+000	2.075471e-005
1.920221521686221e+001	1.412599e+000	1.236457e-003
1.922405928026359e+001	8.005950e-001	2.318150e-003
1.925335615526359e+001	-1.054055e-001	3.468698e-003
1.928265303026359e+001	-9.972801e-001	4.205632e-003
1.930555764948408e+001	-1.607019e+000	4.395039e-003
1.932907169550002e+001	-2.095050e+000	4.198478e-003
1.935034700900912e+001	-2.380987e+000	3.745130e-003
1.935904676135958e+001	-2.449931e+000	3.474248e-003
1.936745542710091e+001	-2.488773e+000	3.154600e-003
1.937677698105423e+001	-2.499377e+000	2.759349e-003
1.938539339839259e+001	-2.478708e+000	2.357041e-003
1.939940521291220e+001	-2.383349e+000	1.642235e-003
1.942200020956003e+001	-2.076486e+000	4.168625e-004
1.944419386916334e+001	-1.612991e+000	-8.051815e-004
1.946669226673410e+001	-1.016107e+000	-1.969540e-003
1.949372411023056e+001	-1.969586e-001	-3.137005e-003
1.952302098523056e+001	7.131801e-001	-4.024011e-003
1.954741816107100e+001	1.403081e+000	-4.379205e-003
1.956884335819506e+001	1.902918e+000	-4.338578e-003
1.959064688637476e+001	2.270646e+000	-3.996655e-003
1.960294298553202e+001	2.404580e+000	-3.674577e-003
1.961099272693320e+001	2.461371e+000	-3.400859e-003
1.961980714963728e+001	2.494679e+000	-3.053392e-003
1.963056759862851e+001	2.493884e+000	-2.579951e-003
1.964156297072909e+001	2.446044e+000	-2.045216e-003
1.965939481615586e+001	2.270097e+000	-1.104370e-003
1.968083640822254e+001	1.909428e+000	7.672291e-005
1.970312352912291e+001	1.388964e+000	1.291273e-003
1.972535272764449e+001	7.619960e-001	2.383966e-003
1.975464960264449e+001	-1.459885e-001	3.516714e-003
1.978394647764449e+001	-1.034408e+000	4.230455e-003
1.980674331082921e+001	-1.635373e+000	4.399560e-003
1.983016493377070e+001	-2.113592e+000	4.182681e-003
1.985192163838919e+001	-2.395602e+000	3.701006e-003
1.986022598434865e+001	-2.457039e+000	3.435934e-003
1.986887864332442e+001	-2.492607e+000	3.098510e-003
1.988022101320412e+001	-2.494621e+000	2.602991e-003
1.989099911956391e+001	-2.449643e+000	2.081539e-003
1.990848407653878e+001	-2.281933e+000	1.161446e-003
1.992996221492282e+001	-1.927040e+000	-2.075471e-005
1.995221521681289e+001	-1.412599e+000	-1.236457e-003
1.997405928025937e+001	-8.005950e-001	-2.318150e-003
2.000335615525937e+001	1.054055e-001	-3.468698e-003
2.003265303025937e+001	9.972801e-001	-4.205632e-003
2.005555764933664e+001	1.607019e+000	-4.395039e-003
2.007907169522015e+001	2.095050e+000	-4.198478e-003
2.010034700866121e+001	2.380987e+000	-3.745130e-003
2.010904676109944e+001	2.449931e+000	-3.474248e-003
2.011745542678761e+001	2.488773e+000	-3.154600e-003
2.012677698049800e+001	2.499377e+000	-2.759349e-003
2.013539339748696e+001	2.478708e+000	-2.357041e-003
2.014940521144239e+001	2.383349e+000	-1.642235e-003
2.017200020720980e+001	2.076486e+000	-4.168627e-004
2.019419386662410e+001	1.612991e+000	8.051813e-004
2.021669226415495e+001	1.016107e+000	1.969540e-003
2.024372410683899e+001	1.969587e-001	3.137005e-003
2.027302098183899e+001	-7.131799e-001	4.024011e-003
2.029741815926116e+001	-1.403081e+000	4.379205e-003
2.031884335650555e+001	-1.902918e+000	4.338578e-003
2.034064688487203e+001	-2.270646e+000	3.996655e-003
2.035294298546614e+001	-2.404580e+000	3.674577e-003
2.036099272688369e+001	-2.461371e+000	3.400859e-003
2.036980714957725e+001	-2.494679e+000	3.053392e-003
2.038056759860612e+001	-2.493884e+000	2.579951e-003
2.039156297069267e+001	-2.446044e+000	2.045216e-003
2.040939481609705e+001	-2.270097e+000	1.104370e-003
2.043083640813165e+001	-1.909428e+000	-7.672290e-005
2.045312352899888e+001	-1.388964e+000	-1.291273e-003
2.047535272747313e+001	-7.619960e-001	-2.383966e-003
2.050464960247313e+001	1.459885e-001	-3.516714e-003
2.053394647747313e+001	1.034408e+000	-4.230455e-003
2.055674331082029e+001	1.635373e+000	-4.399560e-003
2.058016493391078e+001	2.113592e+000	-4.182681e-003
2.060192163853097e+001	2.395602e+000	-3.701006e-003
2.061022598445499e+001	2.457039e+000	-3.435934e-003
2.061887864345303e+001	2.492607e+000	-3.098510e-003
2.063022101325216e+001	2.494621e+000	-2.602991e-003
2.064099911964207e+001	2.449643e+000	-2.081539e-003
2.065848407666505e+001	2.281933e+000	-1.161446e-003
2.067996221500858e+001	1.927040e+000	2.075471e-005
2.070221521687146e+001	1.412599e+000	1.236457e-003
2.072405928027209e+001	8.005950e-001	2.318150e-003
2.075335615527209e+001	-1.054055e-001	3.468698e-003
2.078265303027209e+001	-9.972801e-001	4.205632e-003
2.080555764949894e+001	-1.607019e+000	4.395039e-003
2.082907169552078e+001	-2.095050e+000	4.198478e-003
2.085034700903636e+001	-2.380987e+000	3.745130e-003
2.085904676137995e+001	-2.449931e+000	3.474248e-003
2.086745542712544e+001	-2.488773e+000	3.154600e-003
2.087677698109779e+001	-2.499377e+000	2.759349e-003
2.088539339846352e+001	-2.478708e+000	2.357041e-003
2.089940521302731e+001	-2.383349e+000	1.642235e-003
2.092200020974408e+001	-2.076486e+000	4.168625e-004
2.094419386936484e+001	-1.612991e+000	-8.051815e-004
2.096669226694108e+001	-1.016107e+000	-1.969540e-003
2.099372411050182e+001	-1.969586e-001	-3.137005e-003
2.102302098550182e+001	7.131801e-001	-4.024011e-003
2.104741816121559e+001	1.403081e+000	-4.379205e-003
2.106884335832600e+001	1.902918e+000	-4.338578e-003
2.109064688648698e+001	2.270646e+000	-3.996655e-003
2.110294298553511e+001	2.404580e+000	-3.674577e-003
2.111099272693552e+001	2.461371e+000	-3.400859e-003
2.111980714964009e+001	2.494679e+000	-3.053392e-003
2.113056759862955e+001	2.493884e+000	-2.579951e-003
2.114156297073079e+001	2.446044e+000	-2.045216e-003
2.115939481615861e+001	2.270097e+000	-1.104370e-003
2.118083640822532e+001	1.909428e+000	7.672291e-005
2.120312352912591e+001	1.388964e+000	1.291273e-003
2.122535272764927e+001	7.619960e-001	2.383966e-003
2.125464960264927e+001	-1.459885e-001	3.516714e-003
2.128394647764927e+001	-1.034408e+000	4.230455e-003
2.130674331082656e+001	-1.635373e+000	4.399560e-003
2.133016493376125e+001	-2.113592e+000	4.182681e-003
2.135192163837842e+001	-2.395602e+000	3.701006e-003
2.136022598434058e+001	-2.457039e+000	3.435934e-003
2.136887864331466e+001	-2.492607e+000	3.098510e-003
2.138022101320047e+001	-2.494621e+000	2.602991e-003
2.139099911955798e+001	-2.449643e+000	2.081539e-003
2.140848407652919e+001	-2.281933e+000	1.161446e-003
2.142996221491381e+001	-1.927040e+000	-2.075471e-005
2.145221521680371e+001	-1.412599e+000	-1.236457e-003
2.147405928025093e+001	-8.005950e-001	-2.318150e-003
2.150335615525093e+001	1.054055e-001	-3.468698e-003
2.153265303025093e+001	9.972801e-001	-4.205632e-003
2.155555764932188e+001	1.607019e+000	-4.395039e-003
2.157907169519954e+001	2.095050e+000	-4.198478e-003
2.160034700863416e+001	2.380987e+000	-3.745130e-003
2.160904676107921e+001	2.449931e+000	-3.474248e-003
2.161745542676324e+001	2.488773e+000	-3.154600e-003
2.162677698045474e+001	2.499377e+000	-2.759349e-003
2.163539339741652e+001	2.478708e+000	-2.357041e-003
2.164940521132807e+001	2.383349e+000	-1.642235e-003
2.167200020702699e+001	2.076486e+000	-4.168627e-004
2.169419386642397e+001	1.612991e+000	8.051813e-004
2.171669226394938e+001	1.016107e+000	1.969540e-003
2.174372410656958e+001	1.969587e-001	3.137005e-003
2.177302098156958e+001	-7.131799e-001	4.024011e-003
2.179741815911754e+001	-1.403081e+000	4.379205e-003
2.181884335637552e+001	-1.902918e+000	4.338578e-003
2.184064688476059e+001	-2.270646e+000	3.996655e-003
2.185294298546307e+001	-2.404580e+000	3.674577e-003
2.186099272688139e+001	-2.461371e+000	3.400859e-003
2.186980714957445e+001	-2.494679e+000	3.053392e-003
2.188056759860507e+001	-2.493884e+000	2.579951e-003
2.189156297069097e+001	-2.446044e+000	2.045216e-003
2.190939481609431e+001	-2.270097e+000	1.104370e-003
2.193083640812888e+001	-1.909428e+000	-7.672290e-005
2.195312352899588e+001	-1.388964e+000	-1.291273e-003
2.197535272746836e+001	-7.619960e-001	-2.383966e-003
2.200464960246836e+001	1.459885e-001	-3.516714e-003
2.203394647746836e+001	1.034408e+000	-4.230455e-003
2.205674331082291e+001	1.635373e+000	-4.399560e-003
2.208016493392017e+001	2.113592e+000	-4.182681e-003
2.210192163854165e+001	2.395602e+000	-3.701006e-003
2.211022598446300e+001	2.457039e+000	-3.435934e-003
2.211887864346272e+001	2.492607e+000	-3.098510e-003
2.213022101325579e+001	2.494621e+000	-2.602991e-003
2.214099911964797e+001	2.449643e+000	-2.081539e-003
2.215848407667458e+001	2.281933e+000	-1.161446e-003
2.217996221501753e+001	1.927040e+000	2.075471e-005
2.220221521688057e+001	1.412599e+000	1.236457e-003
2.222405928028046e+001	8.005950e-001	2.318150e-003
2.225335615528046e+001	-1.054055e-001	3.468698e-003
2.228265303028046e+001	-9.972801e-001	4.205632e-003
2.230555764951358e+001	-1.607019e+000	4.395039e-003
2.232907169554123e+001	-2.095050e+000	4.198478e-003
2.235034700906320e+001	-2.380987e+000	3.745130e-003
2.235904676140003e+001	-2.449931e+000	3.474248e-003
2.236745542714962e+001	-2.488773e+000	3.154600e-003
2.237677698114071e+001	-2.499377e+000	2.759349e-003
2.238539339853340e+001	-2.478708e+000	2.357041e-003
2.239940521314072e+001	-2.383349e+000	1.642235e-003
2.242200020992543e+001	-2.076486e+000	4.168625e-004
2.244419386956339e+001	-1.612991e+000	-8.051815e-004
2.246669226714502e+001	-1.016107e+000	-1.969540e-003
2.249372411076910e+001	-1.969586e-001	-3.137005e-003
2.252302098576910e+001	7.131801e-001	-4.024011e-003
2.254741816135807e+001	1.403081e+000	-4.379205e-003
2.256884335845501e+001	1.902918e+000	-4.338578e-003
2.259064688659755e+001	2.270646e+000	-3.996655e-003
2.260294298553815e+001	2.404580e+000	-3.674577e-003
2.261099272693781e+001	2.461371e+000	-3.400859e-003
2.261980714964286e+001	2.494679e+000	-3.053392e-003
2.263056759863059e+001	2.493884e+000	-2.579951e-003
2.264156297073248e+001	2.446044e+000	-2.045216e-003
2.265939481616134e+001	2.270097e+000	-1.104370e-003
2.268083640822808e+001	1.909428e+000	7.672291e-005
2.270312352912891e+001	1.388964e+000	1.291273e-003
2.272535272765402e+001	7.619960e-001	2.383966e-003
2.275464960265402e+001	-1.459885e-001	3.516714e-003
2.278394647765402e+001	-1.034408e+000	4.230455e-003
2.280674331082397e+001	-1.635373e+000	4.399560e-003
2.283016493375194e+001	-2.113592e+000	4.182681e-003
2.285192163836783e+001	-2.395602e+000	3.701006e-003
2.286022598433263e+001	-2.457039e+000	3.435934e-003
2.286887864330505e+001	-2.492607e+000	3.098510e-003
2.288022101319688e+001	-2.494621e+000	2.602991e-003
2.289099911955214e+001	-2.449643e+000	2.081539e-003
2.290848407651976e+001	-2.281933e+000	1.161446e-003
2.292996221490495e+001	-1.927040e+000	-2.075471e-005
2.295221521679468e+001	-1.412599e+000	-1.236457e-003
2.297405928024264e+001	-8.005950e-001	-2.318150e-003
2.300335615524264e+001	1.054055e-001	-3.468698e-003
2.303265303024264e+001	9.972801e-001	-4.205632e-003
2.305555764930736e+001	1.607019e+000	-4.395039e-003
2.307907169517924e+001	2.095050e+000	-4.198478e-003
2.310034700860752e+001	2.380987e+000	-3.745130e-003
2.310904676105929e+001	2.449931e+000	-3.474248e-003
2.311745542673926e+001	2.488773e+000	-3.154600e-003
2.312677698041215e+001	2.499377e+000	-2.759349e-003
2.313539339734719e+001	2.478708e+000	-2.357041e-003
2.314940521121556e+001	2.383349e+000	-1.642235e-003
2.317200020684708e+001	2.076486e+000	-4.168627e-004
2.319419386622701e+001	1.612991e+000	8.051813e-004
2.321669226374706e+001	1.016107e+000	1.969540e-003
2.324372410630443e+001	1.969587e-001	3.137005e-003
2.327302098130443e+001	-7.131799e-001	4.024011e-003
2.329741815897621e+001	-1.403081e+000	4.379205e-003
2.331884335624753e+001	-1.902918e+000	4.338578e-003
2.334064688465089e+001	-2.270646e+000	3.996655e-003
2.335294298546004e+001	-2.404580e+000	3.674577e-003
2.336099272687912e+001	-2.461371e+000	3.400859e-003
2.336980714957170e+001	-2.494679e+000	3.053392e-003
2.338056759860405e+001	-2.493884e+000	2.579951e-003
2.339156297068930e+001	-2.446044e+000	2.045216e-003
2.340939481609161e+001	-2.270097e+000	1.104370e-003
2.343083640812615e+001	-1.909428e+000	-7.672290e-005
2.345312352899292e+001	-1.388964e+000	-1.291273e-003
2.347535272746366e+001	-7.619960e-001	-2.383966e-003
2.350464960246366e+001	1.459885e-001	-3.516714e-003
2.353394647746366e+001	1.034408e+000	-4.230455e-003
2.355674331082549e+001	1.635373e+000	-4.399560e-003
2.358016493392940e+001	2.113592e+000	-4.182681e-003
2.360192163855216e+001	2.395602e+000	-3.701006e-003
2.361022598447088e+001	2.457039e+000	-3.435934e-003
2.361887864347225e+001	2.492607e+000	-3.098510e-003
2.363022101325934e+001	2.494621e+000	-2.602991e-003
2.364099911965375e+001	2.449643e+000	-2.081539e-003
2.365848407668393e+001	2.281933e+000	-1.161446e-003
2.367996221502631e+001	1.927040e+000	2.075471e-005
2.370221521688951e+001	1.412599e+000	1.236457e-003
2.372405928028868e+001	8.005950e-001	2.318150e-003
2.375335615528868e+001	-1.054055e-001	3.468698e-003
2.378265303028868e+001	-9.972801e-001	4.205632e-003
2.380555764952799e+001	-1.607019e+000	4.395039e-003
2.382907169556138e+001	-2.095050e+000	4.198478e-003
2.385034700908964e+001	-2.380987e+000	3.745130e-003
2.385904676141980e+001	-2.449931e+000	3.474248e-003
2.386745542717343e+001	-2.488773e+000	3.154600e-003
2.387677698118299e+001	-2.499377e+000	2.759349e-003
2.388539339860223e+001	-2.478708e+000	2.357041e-003
2.389940521325244e+001	-2.383349e+000	1.642235e-003
2.392200021010406e+001	-2.076486e+000	4.168625e-004
2.394419386975895e+001	-1.612991e+000	-8.051815e-004
2.396669226734590e+001	-1.016107e+000	-1.969540e-003
2.399372411103236e+001	-1.969585e-001	-3.137005e-003
2.402302098603236e+001	7.131801e-001	-4.024011e-003
2.404741816149840e+001	1.403081e+000	-4.379205e-003
2.406884335858208e+001	1.902918e+000	-4.338578e-003
2.409064688670646e+001	2.270646e+000	-3.996655e-003
2.410294298554115e+001	2.404580e+000	-3.674577e-003
2.411099272694006e+001	2.461371e+000	-3.400859e-003
2.411980714964560e+001	2.494679e+000	-3.053392e-003
2.413056759863161e+001	2.493884e+000	-2.579951e-003
2.414156297073414e+001	2.446044e+000	-2.045216e-003
2.415939481616401e+001	2.270097e+000	-1.104370e-003
2.418083640823079e+001	1.909428e+000	7.672291e-005
2.420312352913184e+001	1.388964e+000	1.291273e-003
2.422535272765868e+001	7.619960e-001	2.383966e-003
2.425464960265868e+001	-1.459885e-001	3.516714e-003
2.428394647765868e+001	-1.034408e+000	4.230455e-003
2.430674331082142e+001	-1.635373e+000	4.399560e-003
2.433016493374279e+001	-2.113592e+000	4.182681e-003
2.435192163835741e+001	-2.395602e+000	3.701006e-003
2.436022598432482e+001	-2.457039e+000	3.435934e-003
2.436887864329559e+001	-2.492607e+000	3.098510e-003
2.438022101319335e+001	-2.494621e+000	2.602991e-003
2.439099911954639e+001	-2.449643e+000	2.081539e-003
2.440848407651047e+001	-2.281933e+000	1.161446e-003
2.442996221489624e+001	-1.927040e+000	-2.075471e-005
2.445221521678581e+001	-1.412599e+000	-1.236457e-003
2.447405928023448e+001	-8.005950e-001	-2.318150e-003
2.450335615523448e+001	1.054055e-001	-3.468698e-003
2.453265303023448e+001	9.972801e-001	-4.205632e-003
2.455555764929307e+001	1.607019e+000	-4.395039e-003
2.457907169515926e+001	2.095050e+000	-4.198478e-003
2.460034700858130e+001	2.380987e+000	-3.745130e-003
2.460904676103969e+001	2.449931e+000	-3.474248e-003
2.461745542671565e+001	2.488773e+000	-3.154600e-003
2.462677698037025e+001	2.499377e+000	-2.759349e-003
2.463539339727896e+001	2.478708e+000	-2.357041e-003
2.464940521110481e+001	2.383349e+000	-1.642235e-003
2.467200020667001e+001	2.076486e+000	-4.168627e-004
2.469419386603315e+001	1.612991e+000	8.051813e-004
2.471669226354794e+001	1.016107e+000	1.969540e-003
2.474372410604346e+001	1.969587e-001	3.137005e-003
2.477302098104346e+001	-7.131799e-001	4.024011e-003
2.479741815883710e+001	-1.403081e+000	4.379205e-003
2.481884335612155e+001	-1.902918e+000	4.338578e-003
2.484064688454291e+001	-2.270646e+000	3.996655e-003
2.485294298545706e+001	-2.404580e+000	3.674577e-003
2.486099272687688e+001	-2.461371e+000	3.400859e-003
2.486980714956898e+001	-2.494679e+000	3.053392e-003
2.488056759860303e+001	-2.493884e+000	2.579951e-003
2.489156297068765e+001	-2.446044e+000	2.045216e-003
2.490939481608895e+001	-2.270097e+000	1.104370e-003
2.493083640812346e+001	-1.909428e+000	-7.672290e-005
2.495312352899000e+001	-1.388964e+000	-1.291273e-003
2.497535272745903e+001	-7.619960e-001	-2.383966e-003
2.500464960245903e+001	1.459885e-001	-3.516714e-003
2.503394647745903e+001	1.034408e+000	-4.230455e-003
2.505674331082802e+001	1.635373e+000	-4.399560e-003
2.508016493393849e+001	2.113592e+000	-4.182681e-003
2.510192163856252e+001	2.395602e+000	-3.701006e-003
2.511022598447865e+001	2.457039e+000	-3.435934e-003
2.511887864348165e+001	2.492607e+000	-3.098510e-003
2.513022101326286e+001	2.494621e+000	-2.602991e-003
2.514099911965947e+001	2.449643e+000	-2.081539e-003
2.515848407669317e+001	2.281933e+000	-1.161446e-003
2.517996221503498e+001	1.927040e+000	2.075471e-005
2.520221521689834e+001	1.412599e+000	1.236457e-003
2.522405928029679e+001	8.005950e-001	2.318150e-003
2.525335615529679e+001	-1.054055e-001	3.468698e-003
2.528265303029679e+001	-9.972801e-001	4.205632e-003
2.530555764954218e+001	-1.607019e+000	4.395039e-003
2.532907169558122e+001	-2.095050e+000	4.198478e-003
2.535034700911568e+001	-2.380987e+000	3.745130e-003
2.535904676143927e+001	-2.449931e+000	3.474248e-003
2.536745542719688e+001	-2.488773e+000	3.154600e-003
2.537677698122461e+001	-2.499377e+000	2.759349e-003
2.538539339867001e+001	-2.478708e+000	2.357041e-003
2.539940521336244e+001	-2.383349e+000	1.642235e-003
2.542200021027995e+001	-2.076486e+000	4.168625e-004
2.544419386995151e+001	-1.612991e+000	-8.051815e-004
2.546669226754369e+001	-1.016107e+000	-1.969540e-003
2.549372411129158e+001	-1.969585e-001	-3.137005e-003
2.552302098629158e+001	7.131801e-001	-4.024011e-003
2.554741816163658e+001	1.403081e+000	-4.379205e-003
2.556884335870721e+001	1.902918e+000	-4.338578e-003
2.559064688681371e+001	2.270646e+000	-3.996655e-003
2.560294298554411e+001	2.404580e+000	-3.674577e-003
2.561099272694229e+001	2.461371e+000	-3.400859e-003
2.561980714964830e+001	2.494679e+000	-3.053392e-003
2.563056759863262e+001	2.493884e+000	-2.579951e-003
2.564156297073578e+001	2.446044e+000	-2.045216e-003
2.565939481616666e+001	2.270097e+000	-1.104370e-003
2.568083640823346e+001	1.909428e+000	7.672291e-005
2.570312352913475e+001	1.388964e+000	1.291273e-003
2.572535272766329e+001	7.619960e-001	2.383966e-003
2.575464960266329e+001	-1.459885e-001	3.516714e-003
2.578394647766329e+001	-1.034408e+000	4.230455e-003
2.580674331081891e+001	-1.635373e+000	4.399560e-003
2.583016493373376e+001	-2.113592e+000	4.182681e-003
2.585192163834714e+001	-2.395602e+000	3.701006e-003
2.586022598431712e+001	-2.457039e+000	3.435934e-003
2.586887864328628e+001	-2.492607e+000	3.098510e-003
2.588022101318988e+001	-2.494621e+000	2.602991e-003
2.589099911954073e+001	-2.449643e+000	2.081539e-003
2.590848407650133e+001	-2.281933e+000	1.161446e-003
2.592996221488766e+001	-1.927040e+000	-2.075471e-005
2.595221521677707e+001	-1.412599e+000	-1.236457e-003
2.597405928022646e+001	-8.005950e-001	-2.318150e-003
2.600335615522646e+001	1.054055e-001	-3.468698e-003
2.603265303022646e+001	9.972801e-001	-4.205632e-003
2.605555764927900e+001	1.607019e+000	-4.395039e-003
2.607907169513958e+001	2.095050e+000	-4.198478e-003
2.610034700855547e+001	2.380987e+000	-3.745130e-003
2.610904676102037e+001	2.449931e+000	-3.474248e-003
2.611745542669238e+001	2.488773e+000	-3.154600e-003
2.612677698032892e+001	2.499377e+000	-2.759349e-003
2.613539339721168e+001	2.478708e+000	-2.357041e-003
2.614940521099562e+001	2.383349e+000	-1.642235e-003
2.617200020649540e+001	2.076486e+000	-4.168627e-004
2.619419386584200e+001	1.612991e+000	8.051813e-004
2.621669226335160e+001	1.016107e+000	1.969540e-003
2.624372410578614e+001	1.969587e-001	3.137005e-003
2.627302098078614e+001	-7.131799e-001	4.024011e-003
2.629741815869993e+001	-1.403081e+000	4.379205e-003
2.631884335599734e+001	-1.902918e+000	4.338578e-003
2.634064688443645e+001	-2.270646e+000	3.996655e-003
2.635294298545413e+001	-2.404580e+000	3.674577e-003
2.636099272687467e+001	-2.461371e+000	3.400859e-003
2.636980714956631e+001	-2.494679e+000	3.053392e-003
2.638056759860204e+001	-2.493884e+000	2.579951e-003
2.639156297068603e+001	-2.446044e+000	2.045216e-003
2.640939481608633e+001	-2.270097e+000	1.104370e-003
2.643083640812080e+001	-1.909428e+000	-7.672290e-005
2.645312352898711e+001	-1.388964e+000	-1.291273e-003
2.647535272745445e+001	-7.619960e-001	-2.383966e-003
2.650464960245445e+001	1.459885e-001	-3.516714e-003
2.653394647745445e+001	1.034408e+000	-4.230455e-003
2.655674331083051e+001	1.635373e+000	-4.399560e-003
2.658016493394744e+001	2.113592e+000	-4.182681e-003
2.660192163857270e+001	2.395602e+000	-3.701006e-003
2.661022598448629e+001	2.457039e+000	-3.435934e-003
2.661887864349088e+001	2.492607e+000	-3.098510e-003
2.663022101326630e+001	2.494621e+000	-2.602991e-003
2.664099911966508e+001	2.449643e+000	-2.081539e-003
2.665848407670223e+001	2.281933e+000	-1.161446e-003
2.667996221504347e+001	1.927040e+000	2.075471e-005
2.670221521690699e+001	1.412599e+000	1.236457e-003
2.672405928030473e+001	8.005950e-001	2.318150e-003
2.675335615530473e+001	-1.054055e-001	3.468698e-003
2.678265303030473e+001	-9.972801e-001	4.205632e-003
2.680555764955614e+001	-1.607019e+000	4.395039e-003
2.682907169560075e+001	-2.095050e+000	4.198478e-003
2.685034700914130e+001	-2.380987e+000	3.745130e-003
2.685904676145843e+001	-2.449931e+000	3.474248e-003
2.686745542721996e+001	-2.488773e+000	3.154600e-003
2.687677698126558e+001	-2.499377e+000	2.759349e-003
2.688539339873671e+001	-2.478708e+000	2.357041e-003
2.689940521347070e+001	-2.383349e+000	1.642235e-003
2.692200021045306e+001	-2.076486e+000	4.168625e-004
2.694419387014101e+001	-1.612991e+000	-8.051815e-004
2.696669226773835e+001	-1.016107e+000	-1.969540e-003
2.699372411154668e+001	-1.969585e-001	-3.137005e-003
2.702302098654668e+001	7.131801e-001	-4.024011e-003
2.704741816177256e+001	1.403081e+000	-4.379205e-003
2.706884335883035e+001	1.902918e+000	-4.338578e-003
2.709064688691926e+001	2.270646e+000	-3.996655e-003
2.710294298554702e+001	2.404580e+000	-3.674577e-003
2.711099272694447e+001	2.461371e+000	-3.400859e-003
2.711980714965094e+001	2.494679e+000	-3.053392e-003
2.713056759863360e+001	2.493884e+000	-2.579951e-003
2.714156297073738e+001	2.446044e+000	-2.045216e-003
2.715939481616925e+001	2.270097e+000	-1.104370e-003
2.718083640823610e+001	1.909428e+000	7.672291e-005
2.720312352913761e+001	1.388964e+000	1.291273e-003
2.722535272766783e+001	7.619960e-001	2.383966e-003
2.725464960266783e+001	-1.459885e-001	3.516714e-003
2.728394647766783e+001	-1.034408e+000	4.230455e-003
2.730674331081643e+001	-1.635373e+000	4.399560e-003
2.733016493372486e+001	-2.113592e+000	4.182681e-003
2.735192163833701e+001	-2.395602e+000	3.701006e-003
2.736022598430952e+001	-2.457039e+000	3.435934e-003
2.736887864327710e+001	-2.492607e+000	3.098510e-003
2.738022101318644e+001	-2.494621e+000	2.602991e-003
2.739099911953515e+001	-2.449643e+000	2.081539e-003
2.740848407649231e+001	-2.281933e+000	1.161446e-003
2.742996221487920e+001	-1.927040e+000	-2.075471e-005
2.745221521676846e+001	-1.412599e+000	-1.236457e-003
2.747405928021856e+001	-8.005950e-001	-2.318150e-003
2.750335615521856e+001	1.054055e-001	-3.468698e-003
2.753265303021856e+001	9.972801e-001	-4.205632e-003
2.755555764926513e+001	1.607019e+000	-4.395039e-003
2.757907169512019e+001	2.095050e+000	-4.198478e-003
2.760034700853003e+001	2.380987e+000	-3.745130e-003
2.760904676100136e+001	2.449931e+000	-3.474248e-003
2.761745542666948e+001	2.488773e+000	-3.154600e-003
2.762677698028827e+001	2.499377e+000	-2.759349e-003
2.763539339714550e+001	2.478708e+000	-2.357041e-003
2.764940521088820e+001	2.383349e+000	-1.642235e-003
2.767200020632365e+001	2.076486e+000	-4.168627e-004
2.769419386565398e+001	1.612991e+000	8.051813e-004
2.771669226315847e+001	1.016107e+000	1.969540e-003
2.774372410553303e+001	1.969587e-001	3.137005e-003
2.777302098053303e+001	-7.131799e-001	4.024011e-003
2.779741815856502e+001	-1.403081e+000	4.379205e-003
2.781884335587516e+001	-1.902918e+000	4.338578e-003
2.784064688433171e+001	-2.270646e+000	3.996655e-003
2.785294298545124e+001	-2.404580e+000	3.674577e-003
2.786099272687250e+001	-2.461371e+000	3.400859e-003
2.786980714956368e+001	-2.494679e+000	3.053392e-003
2.788056759860105e+001	-2.493884e+000	2.579951e-003
2.789156297068443e+001	-2.446044e+000	2.045216e-003
2.790939481608375e+001	-2.270097e+000	1.104370e-003
2.793083640811819e+001	-1.909428e+000	-7.672290e-005
2.795312352898427e+001	-1.388964e+000	-1.291273e-003
2.797535272744995e+001	-7.619960e-001	-2.383966e-003
2.800464960244995e+001	1.459885e-001	-3.516714e-003
2.803394647744995e+001	1.034408e+000	-4.230455e-003
2.805674331083296e+001	1.635373e+000	-4.399560e-003
2.808016493395627e+001	2.113592e+000	-4.182681e-003
2.810192163858275e+001	2.395602e+000	-3.701006e-003
2.811022598449382e+001	2.457039e+000	-3.435934e-003
2.811887864350000e+001	2.492607e+000	-3.098510e-003
2.813022101326971e+001	2.494621e+000	-2.602991e-003
2.814099911967062e+001	2.449643e+000	-2.081539e-003
2.815848407671118e+001	2.281933e+000	-1.161446e-003
2.817996221505188e+001	1.927040e+000	2.075471e-005
2.820221521691554e+001	1.412599e+000	1.236457e-003
2.822405928031258e+001	8.005950e-001	2.318150e-003
2.825335615531258e+001	-1.054055e-001	3.468698e-003
2.828265303031258e+001	-9.972801e-001	4.205632e-003
2.830555764956990e+001	-1.607019e+000	4.395039e-003
2.832907169561999e+001	-2.095050e+000	4.198478e-003
2.835034700916656e+001	-2.380987e+000	3.745130e-003
2.835904676147731e+001	-2.449931e+000	3.474248e-003
2.836745542724269e+001	-2.488773e+000	3.154600e-003
2.837677698130595e+001	-2.499377e+000	2.759349e-003
2.838539339880244e+001	-2.478708e+000	2.357041e-003
2.839940521357736e+001	-2.383349e+000	1.642235e-003
2.842200021062362e+001	-2.076486e+000	4.168625e-004
2.844419387032773e+001	-1.612991e+000	-8.051816e-004
2.846669226793012e+001	-1.016107e+000	-1.969540e-003
2.849372411179802e+001	-1.969585e-001	-3.137005e-003
2.852302098679802e+001	7.131801e-001	-4.024011e-003
2.854741816190654e+001	1.403081e+000	-4.379205e-003
2.856884335895168e+001	1.902918e+000	-4.338578e-003
2.859064688702327e+001	2.270646e+000	-3.996655e-003
2.860294298554989e+001	2.404580e+000	-3.674577e-003
2.861099272694663e+001	2.461371e+000	-3.400859e-003
2.861980714965356e+001	2.494679e+000	-3.053392e-003
2.863056759863458e+001	2.493884e+000	-2.579951e-003
2.864156297073897e+001	2.446044e+000	-2.045216e-003
2.865939481617182e+001	2.270097e+000	-1.104370e-003
2.868083640823870e+001	1.909428e+000	7.672291e-005
2.870312352914044e+001	1.388964e+000	1.291273e-003
2.872535272767231e+001	7.619960e-001	2.383966e-003
2.875464960267231e+001	-1.459885e-001	3.516714e-003
2.878394647767231e+001	-1.034408e+000	4.230455e-003
2.880674331081401e+001	-1.635373e+000	4.399560e-003
2.883016493371612e+001	-2.113592e+000	4.182681e-003
2.885192163832707e+001	-2.395602e+000	3.701006e-003
2.886022598430206e+001	-2.457039e+000	3.435934e-003
2.886887864326808e+001	-2.492607e+000	3.098510e-003
2.888022101318308e+001	-2.494621e+000	2.602991e-003
2.889099911952967e+001	-2.449643e+000	2.081539e-003
2.890848407648345e+001	-2.281933e+000	1.161446e-003
2.892996221487089e+001	-1.927040e+000	-2.075471e-005
2.895221521676000e+001	-1.412599e+000	-1.236457e-003
2.897405928021080e+001	-8.005950e-001	-2.318150e-003
2.900335615521080e+001	1.054055e-001	-3.468698e-003
2.903265303021080e+001	9.972801e-001	-4.205632e-003
2.905555764925150e+001	1.607019e+000	-4.395039e-003
2.907907169510112e+001	2.095050e+000	-4.198478e-003
2.910034700850500e+001	2.380987e+000	-3.745130e-003
2.910904676098263e+001	2.449931e+000	-3.474248e-003
2.911745542664692e+001	2.488773e+000	-3.154600e-003
2.912677698024822e+001	2.499377e+000	-2.759349e-003
2.913539339708029e+001	2.478708e+000	-2.357041e-003
2.914940521078237e+001	2.383349e+000	-1.642235e-003
2.917200020615442e+001	2.076486e+000	-4.168627e-004
2.919419386546871e+001	1.612991e+000	8.051813e-004
2.921669226296818e+001	1.016107e+000	1.969540e-003
2.924372410528365e+001	1.969587e-001	3.137005e-003
2.927302098028365e+001	-7.131799e-001	4.024011e-003
2.929741815843208e+001	-1.403081e+000	4.379205e-003
2.931884335575477e+001	-1.902918e+000	4.338578e-003
2.934064688422852e+001	-2.270646e+000	3.996655e-003
2.935294298544839e+001	-2.404580e+000	3.674577e-003
2.936099272687036e+001	-2.461371e+000	3.400859e-003
2.936980714956108e+001	-2.494679e+000	3.053392e-003
2.938056759860008e+001	-2.493884e+000	2.579951e-003
2.939156297068286e+001	-2.446044e+000	2.045216e-003
2.940939481608120e+001	-2.270097e+000	1.104370e-003
2.943083640811560e+001	-1.909428e+000	-7.672290e-005
2.945312352898146e+001	-1.388964e+000	-1.291273e-003
2.947535272744549e+001	-7.619960e-001	-2.383966e-003
2.950464960244549e+001	1.459885e-001	-3.516714e-003
2.953394647744549e+001	1.034408e+000	-4.230455e-003
2.955674331083537e+001	1.635373e+000	-4.399560e-003
2.958016493396496e+001	2.113592e+000	-4.182681e-003
2.960192163859263e+001	2.395602e+000	-3.701006e-003
2.961022598450123e+001	2.457039e+000	-3.435934e-003
2.961887864350896e+001	2.492607e+000	-3.098510e-003
2.963022101327305e+001	2.494621e+000	-2.602991e-003
2.964099911967606e+001	2.449643e+000	-2.081539e-003
2.965848407671998e+001	2.281933e+000	-1.161446e-003
2.967996221506013e+001	1.927040e+000	2.075471e-005
2.970221521692394e+001	1.412599e+000	1.236457e-003
2.972405928032028e+001	8.005950e-001	2.318150e-003
2.975335615532028e+001	-1.054055e-001	3.468698e-003
2.978265303032028e+001	-9.972801e-001	4.205632e-003
2.980555764958343e+001	-1.607019e+000	4.395039e-003
2.982907169563893e+001	-2.095050e+000	4.198478e-003
2.985034700919140e+001	-2.380987e+000	3.745130e-003
2.985904676149589e+001	-2.449931e+000	3.474248e-003
2.986745542726506e+001	-2.488773e+000	3.154600e-003
2.987677698134567e+001	-2.499377e+000	2.759349e-003
2.988539339886711e+001	-2.478708e+000	2.357041e-003
2.989940521368233e+001	-2.383349e+000	1.642235e-003
2.992200021079146e+001	-2.076486e+000	4.168625e-004
2.994419387051147e+001	-1.612991e+000	-8.051816e-004
2.996669226811886e+001	-1.016107e+000	-1.969540e-003
2.999372411204537e+001	-1.969585e-001	-3.218995e-003
3.000000000000000e+001	-1.077937e-013	-3.474223e-003
