time	V(x_t)	V(y)
0.000000000000000e+000	0.000000e+000	5.253836e-019
2.692532100501483e-007	8.458839e-006	9.642088e-012
5.385064201002967e-007	1.691768e-005	1.893858e-011
8.077596301504449e-007	2.537652e-005	2.788948e-011
1.077012840200593e-006	3.383536e-005	3.649479e-011
1.346266050250742e-006	4.229420e-005	4.475451e-011
1.615519260300890e-006	5.075303e-005	5.266863e-011
1.884772470351038e-006	5.921187e-005	6.023716e-011
2.271265098104381e-006	7.135390e-005	6.154701e-011
2.629406122018973e-006	8.260523e-005	6.356903e-011
3.122537581679625e-006	9.809741e-005	6.413681e-011
3.675454572937571e-006	1.154678e-004	6.370730e-011
4.412507440523592e-006	1.386230e-004	6.355957e-011
5.274263411039545e-006	1.656959e-004	6.290986e-011
6.393290286662738e-006	2.008511e-004	6.171171e-011
7.737358374672713e-006	2.430763e-004	6.005737e-011
9.455668557385282e-006	2.970586e-004	5.729444e-011
1.155163013528827e-005	3.629051e-004	5.316531e-011
1.420469369246719e-005	4.462536e-004	4.663313e-011
1.746979890676642e-005	5.488299e-004	3.671778e-011
2.157775751331709e-005	6.778853e-004	2.142020e-011
2.666018110628373e-005	8.375543e-004	-1.481760e-012
3.303170343850608e-005	1.037722e-003	-3.552130e-011
4.094036194917682e-005	1.286179e-003	-8.387563e-011
5.083568305508391e-005	1.597050e-003	-1.490001e-010
6.122310215416155e-005	1.923380e-003	-2.157289e-010
7.182760105995126e-005	2.256530e-003	-2.726653e-010
8.174498996095671e-005	2.568094e-003	-3.037502e-010
9.220940404350132e-005	2.896843e-003	-2.981692e-010
1.032331023299292e-004	3.243163e-003	-2.311086e-010
1.153175876587438e-004	3.622808e-003	-5.704436e-011
1.291334843488433e-004	4.056846e-003	3.199359e-010
1.463413347978618e-004	4.597446e-003	1.135564e-009
1.665697070778541e-004	5.232938e-003	2.744272e-009
1.910260017891114e-004	6.001253e-003	5.938931e-009
2.195845859282610e-004	6.898445e-003	1.198927e-008
2.535840283692658e-004	7.966564e-003	2.355652e-008
2.932894652965877e-004	9.213939e-003	4.511350e-008
3.402757168376922e-004	1.069004e-002	8.560694e-008
3.953269228843415e-004	1.241951e-002	1.530089e-007
4.173070516505818e-004	1.311003e-002	1.872114e-007
4.288517744492988e-004	1.347271e-002	2.081055e-007
4.359139276440248e-004	1.369457e-002	2.234834e-007
4.430284121096831e-004	1.391808e-002	2.395316e-007
4.506476519020773e-004	1.415744e-002	2.577153e-007
4.542120493618306e-004	1.426942e-002	2.659267e-007
4.584753192639237e-004	1.440335e-002	2.761812e-007
4.644979182243180e-004	1.459255e-002	2.910097e-007
4.741647915312855e-004	1.489624e-002	3.167559e-007
6.518565617999743e-004	2.047849e-002	1.064619e-006
8.295483320686630e-004	2.606058e-002	2.357666e-006
1.007240102337352e-003	3.164251e-002	4.195897e-006
1.184931872606041e-003	3.722428e-002	6.579311e-006
1.362623642874730e-003	4.280588e-002	9.507909e-006
1.540315413143418e-003	4.838732e-002	1.298169e-005
1.718007183412107e-003	5.396859e-002	1.700066e-005
2.949574703219184e-003	9.264240e-002	5.955983e-005
5.412709742833340e-003	1.699142e-001	2.203529e-004
1.033897982206165e-002	3.238956e-001	8.075613e-004
1.860043904939232e-002	5.790436e-001	2.471871e-003
3.041490563541682e-002	9.324181e-001	6.176272e-003
4.679962630314297e-002	1.386956e+000	1.352123e-002
6.814437354605472e-002	1.888603e+000	2.614640e-002
9.563889453265358e-002	2.331755e+000	4.552246e-002
1.055436137843368e-001	2.425648e+000	5.325852e-002
1.131359695099091e-001	2.472267e+000	5.954689e-002
1.225598929659030e-001	2.498825e+000	6.754000e-002
1.315928171872498e-001	2.491425e+000	7.533135e-002
1.338147441621526e-001	2.484637e+000	7.725823e-002
1.360366711370554e-001	2.475940e+000	7.918949e-002
1.382585981119582e-001	2.465333e+000	8.112513e-002
1.404805250868610e-001	2.452817e+000	8.306515e-002
1.427024520617638e-001	2.438391e+000	8.500955e-002
1.449243790366666e-001	2.422055e+000	8.695833e-002
1.471463060115694e-001	2.403811e+000	8.891148e-002
1.510621777979649e-001	2.367118e+000	9.235303e-002
1.510636117455217e-001	2.367104e+000	9.235425e-002
1.513430266694492e-001	2.364265e+000	9.259988e-002
1.516224415933766e-001	2.361397e+000	9.284551e-002
1.519018565173041e-001	2.358501e+000	9.309112e-002
1.521812714412316e-001	2.355575e+000	9.333672e-002
1.524606863651590e-001	2.352620e+000	9.358232e-002
1.527401012890865e-001	2.349636e+000	9.382791e-002
1.530195162130140e-001	2.346623e+000	9.407349e-002
1.536166633745952e-001	2.340086e+000	9.459837e-002
1.542138105361764e-001	2.333419e+000	9.512317e-002
1.548109576977576e-001	2.326620e+000	9.564790e-002
1.554081048593389e-001	2.319691e+000	9.617254e-002
1.560052520209201e-001	2.312631e+000	9.669711e-002
1.566023991825013e-001	2.305440e+000	9.722159e-002
1.571995463440825e-001	2.298119e+000	9.774600e-002
1.574981988828218e-001	2.294409e+000	9.800822e-002
1.575314981205906e-001	2.293993e+000	9.803745e-002
1.575980965961283e-001	2.293161e+000	9.809592e-002
1.576367773107937e-001	2.292677e+000	9.812988e-002
1.576632754235200e-001	2.292345e+000	9.815314e-002
1.576825591045844e-001	2.292103e+000	9.817007e-002
1.576954041093645e-001	2.291942e+000	9.818135e-002
1.577048347942660e-001	2.291823e+000	9.818963e-002
1.577119311557403e-001	2.291734e+000	9.819586e-002
1.577177805118893e-001	2.291661e+000	9.820099e-002
1.577237160749296e-001	2.291586e+000	9.820621e-002
1.577296285566342e-001	2.291512e+000	9.821139e-002
1.577374561838584e-001	2.291414e+000	9.821827e-002
1.577526241572878e-001	2.291223e+000	9.823158e-002
1.577691089908598e-001	2.291016e+000	9.824605e-002
1.577950372183580e-001	2.290690e+000	9.826881e-002
1.578360944348175e-001	2.290173e+000	9.830483e-002
1.579036125899604e-001	2.289321e+000	9.836407e-002
1.579404820244408e-001	2.288856e+000	9.839640e-002
1.580142208934016e-001	2.287923e+000	9.846102e-002
1.580144256629271e-001	2.287920e+000	9.846120e-002
1.580148352019783e-001	2.287915e+000	9.846156e-002
1.580158998539021e-001	2.287902e+000	9.846249e-002
1.580165333059135e-001	2.287894e+000	9.846304e-002
1.580177331147407e-001	2.287879e+000	9.846409e-002
1.580197376253546e-001	2.287853e+000	9.846585e-002
1.580219154733549e-001	2.287825e+000	9.846776e-002
1.580242806288743e-001	2.287796e+000	9.846984e-002
1.580269317487879e-001	2.287762e+000	9.847216e-002
1.580294706900650e-001	2.287730e+000	9.847438e-002
1.580352738178460e-001	2.287656e+000	9.847945e-002
1.580415374649111e-001	2.287577e+000	9.848494e-002
1.580519701725915e-001	2.287445e+000	9.849407e-002
1.580726485446908e-001	2.287182e+000	9.851217e-002
1.581043391784371e-001	2.286780e+000	9.853989e-002
1.581304419992504e-001	2.286449e+000	9.856271e-002
1.581577284048450e-001	2.286102e+000	9.858656e-002
1.581966400062014e-001	2.285607e+000	9.862055e-002
1.582483462379552e-001	2.284948e+000	9.866568e-002
1.582670009843097e-001	2.284710e+000	9.868196e-002
1.582763021063464e-001	2.284592e+000	9.869007e-002
1.590967081102418e-001	2.274002e+000	9.939972e-002
1.599171141141372e-001	2.263174e+000	1.000976e-001
1.607375201180326e-001	2.252106e+000	1.007837e-001
1.615579261219279e-001	2.240800e+000	1.014581e-001
1.623783321258233e-001	2.229254e+000	1.021207e-001
1.631987381297186e-001	2.217469e+000	1.027715e-001
1.640191441336140e-001	2.205445e+000	1.034106e-001
1.697584808571107e-001	2.114876e+000	1.075525e-001
1.812371543041042e-001	1.901277e+000	1.141100e-001
2.041945011980910e-001	1.360864e+000	1.216542e-001
2.334913761980910e-001	5.149217e-001	1.217647e-001
2.627882511980910e-001	-4.000278e-001	1.135339e-001
2.627945096857924e-001	-4.002219e-001	1.135303e-001
2.636782269030749e-001	-4.276013e-001	1.130040e-001
2.645689025236430e-001	-4.551430e-001	1.124598e-001
2.663502537647792e-001	-5.100520e-001	1.113521e-001
2.663521564673858e-001	-5.101105e-001	1.113509e-001
2.669181572612802e-001	-5.275061e-001	1.109873e-001
2.674841580551746e-001	-5.448732e-001	1.106184e-001
2.680501588490691e-001	-5.622116e-001	1.102441e-001
2.686161596429635e-001	-5.795215e-001	1.098645e-001
2.691821604368579e-001	-5.968027e-001	1.094796e-001
2.697481612307524e-001	-6.140554e-001	1.090893e-001
2.703141620246468e-001	-6.312795e-001	1.086937e-001
2.742719187871701e-001	-7.507566e-001	1.057897e-001
2.821874323122166e-001	-9.838501e-001	9.931295e-002
2.980184593623095e-001	-1.418650e+000	8.424805e-002
3.273153343623095e-001	-2.064435e+000	5.232423e-002
3.462661876868828e-001	-2.338790e+000	2.960845e-002
3.560082719655553e-001	-2.429141e+000	1.724309e-002
3.637144677827358e-001	-2.474902e+000	7.245444e-003
3.722977340373150e-001	-2.498559e+000	-3.989032e-003
3.814952915237320e-001	-2.491677e+000	-1.606815e-002
3.930718735357048e-001	-2.435810e+000	-3.121480e-002
4.118303101944500e-001	-2.236989e+000	-5.559365e-002
4.128763717102581e-001	-2.222119e+000	-5.693428e-002
4.139224332260662e-001	-2.206872e+000	-5.827182e-002
4.149684947418743e-001	-2.191246e+000	-5.960625e-002
4.160145562576824e-001	-2.175242e+000	-6.093759e-002
4.170606177734905e-001	-2.158860e+000	-6.226583e-002
4.181066792892986e-001	-2.142100e+000	-6.359097e-002
4.191527408051067e-001	-2.124962e+000	-6.491300e-002
4.204932066913590e-001	-2.102446e+000	-6.661384e-002
4.218336725776113e-001	-2.079354e+000	-6.830920e-002
4.231741384638635e-001	-2.055688e+000	-6.999909e-002
4.245146043501158e-001	-2.031446e+000	-7.168351e-002
4.258550702363680e-001	-2.006630e+000	-7.336246e-002
4.271955361226204e-001	-1.981239e+000	-7.503593e-002
4.285360020088726e-001	-1.955272e+000	-7.670394e-002
4.292226475166851e-001	-1.941758e+000	-7.755652e-002
4.292240479684160e-001	-1.941730e+000	-7.755826e-002
4.292259152373906e-001	-1.941693e+000	-7.756057e-002
4.292283149296128e-001	-1.941646e+000	-7.756355e-002
4.292463331289154e-001	-1.941289e+000	-7.758590e-002
4.292643513282179e-001	-1.940932e+000	-7.760826e-002
4.292823695275205e-001	-1.940575e+000	-7.763061e-002
4.293003877268230e-001	-1.940218e+000	-7.765296e-002
4.293184059261255e-001	-1.939861e+000	-7.767531e-002
4.293364241254281e-001	-1.939504e+000	-7.769766e-002
4.293544423247306e-001	-1.939147e+000	-7.772001e-002
4.294017155944218e-001	-1.938209e+000	-7.777864e-002
4.294408123318073e-001	-1.937433e+000	-7.782712e-002
4.294664708500562e-001	-1.936924e+000	-7.785894e-002
4.294874521688077e-001	-1.936507e+000	-7.788496e-002
4.295074766320525e-001	-1.936109e+000	-7.790978e-002
4.295191981129797e-001	-1.935876e+000	-7.792432e-002
4.295290776199872e-001	-1.935680e+000	-7.793656e-002
4.295386104656170e-001	-1.935490e+000	-7.794838e-002
4.295476116117361e-001	-1.935311e+000	-7.795954e-002
4.295572903961508e-001	-1.935119e+000	-7.797154e-002
4.295687128151713e-001	-1.934891e+000	-7.798570e-002
4.295842501983085e-001	-1.934582e+000	-7.800496e-002
4.296098127585827e-001	-1.934074e+000	-7.803664e-002
4.296609378791310e-001	-1.933055e+000	-7.809999e-002
4.297631881202275e-001	-1.931017e+000	-7.822665e-002
4.297635620746064e-001	-1.931009e+000	-7.822711e-002
4.297643099833643e-001	-1.930994e+000	-7.822803e-002
4.297658023623476e-001	-1.930965e+000	-7.822987e-002
4.297669079671641e-001	-1.930943e+000	-7.823124e-002
4.297679840267091e-001	-1.930921e+000	-7.823257e-002
4.297700791842593e-001	-1.930879e+000	-7.823516e-002
4.297745450526953e-001	-1.930790e+000	-7.824069e-002
4.297793459190734e-001	-1.930694e+000	-7.824663e-002
4.297889476518295e-001	-1.930503e+000	-7.825851e-002
4.298070314475158e-001	-1.930142e+000	-7.828089e-002
4.298385682141766e-001	-1.929512e+000	-7.831990e-002
4.298619520243999e-001	-1.929045e+000	-7.834882e-002
4.298867404321499e-001	-1.928549e+000	-7.837947e-002
4.299243820907315e-001	-1.927796e+000	-7.842598e-002
4.299693882468715e-001	-1.926896e+000	-7.848158e-002
4.299969015100739e-001	-1.926345e+000	-7.851555e-002
4.300044588578685e-001	-1.926194e+000	-7.852488e-002
4.300100916582118e-001	-1.926081e+000	-7.853183e-002
4.300217380139351e-001	-1.925848e+000	-7.854621e-002
4.315021887399426e-001	-1.895843e+000	-8.035483e-002
4.329826394659501e-001	-1.865206e+000	-8.212515e-002
4.344630901919576e-001	-1.833937e+000	-8.385715e-002
4.359435409179651e-001	-1.802035e+000	-8.555085e-002
4.374239916439726e-001	-1.769500e+000	-8.720623e-002
4.389044423699801e-001	-1.736333e+000	-8.882331e-002
4.403848930959876e-001	-1.702533e+000	-9.040208e-002
4.506307742103157e-001	-1.453385e+000	-1.002785e-001
4.711225364389720e-001	-8.874319e-001	-1.153652e-001
5.004194114389720e-001	1.317614e-002	-1.277916e-001
5.297162864389720e-001	9.120184e-001	-1.291292e-001
5.590131614389720e-001	1.688637e+000	-1.214768e-001
5.595361921968760e-001	1.700718e+000	-1.211774e-001
5.600592229547801e-001	1.712724e+000	-1.208732e-001
5.605822537126841e-001	1.724656e+000	-1.205643e-001
5.611052844705882e-001	1.736513e+000	-1.202505e-001
5.616283152284922e-001	1.748295e+000	-1.199320e-001
5.621513459863963e-001	1.760003e+000	-1.196087e-001
5.626743767443003e-001	1.771636e+000	-1.192806e-001
5.663364861193003e-001	1.850905e+000	-1.169436e-001
5.663381026252202e-001	1.850939e+000	-1.169426e-001
5.668105842126793e-001	1.860885e+000	-1.166241e-001
5.672830658001382e-001	1.870764e+000	-1.163018e-001
5.677555473875973e-001	1.880577e+000	-1.159758e-001
5.682280289750562e-001	1.890323e+000	-1.156461e-001
5.687005105625153e-001	1.900003e+000	-1.153126e-001
5.691729921499742e-001	1.909617e+000	-1.149754e-001
5.696454737374332e-001	1.919165e+000	-1.146344e-001
5.729560778614861e-001	1.984137e+000	-1.121475e-001
5.795772861095918e-001	2.103674e+000	-1.066913e-001
5.928197026058032e-001	2.298357e+000	-9.456015e-002
6.038952140401396e-001	2.412593e+000	-8.338207e-002
6.117088448731670e-001	2.465211e+000	-7.482595e-002
6.206764530835504e-001	2.496311e+000	-6.441991e-002
6.308916814271042e-001	2.493151e+000	-5.202773e-002
6.420901530299484e-001	2.442568e+000	-3.788533e-002
6.602467417199396e-001	2.258756e+000	-1.435762e-002
6.623773305868591e-001	2.229221e+000	-1.152703e-002
6.645079194537786e-001	2.198141e+000	-8.693048e-003
6.666385083206982e-001	2.165516e+000	-5.855660e-003
6.687690971876177e-001	2.131346e+000	-3.014870e-003
6.708996860545372e-001	2.095631e+000	-1.706766e-004
6.730302749214567e-001	2.058372e+000	2.676919e-003
6.751608637883763e-001	2.019568e+000	5.527916e-003
6.765168937109570e-001	1.994166e+000	7.343057e-003
6.767845138111416e-001	1.989084e+000	7.701304e-003
6.770521339113260e-001	1.983980e+000	8.059557e-003
6.773197540115106e-001	1.978853e+000	8.417817e-003
6.775873741116951e-001	1.973704e+000	8.776083e-003
6.778549942118797e-001	1.968532e+000	9.134356e-003
6.781226143120641e-001	1.963339e+000	9.492635e-003
6.783902344122487e-001	1.958123e+000	9.850921e-003
6.784565717374727e-001	1.956826e+000	9.939734e-003
6.784778204119585e-001	1.956411e+000	9.968181e-003
6.784990690864442e-001	1.955995e+000	9.996628e-003
6.785203177609300e-001	1.955579e+000	1.002508e-002
6.785415664354159e-001	1.955163e+000	1.005352e-002
6.785628151099017e-001	1.954747e+000	1.008197e-002
6.785840637843874e-001	1.954331e+000	1.011042e-002
6.786053124588732e-001	1.953915e+000	1.013887e-002
6.786218967901793e-001	1.953590e+000	1.016107e-002
6.786550654527912e-001	1.952939e+000	1.020548e-002
6.786969799401312e-001	1.952117e+000	1.026159e-002
6.787240621871375e-001	1.951585e+000	1.029785e-002
6.787419849341448e-001	1.951233e+000	1.032185e-002
6.787562452422982e-001	1.950953e+000	1.034094e-002
6.787642099734885e-001	1.950797e+000	1.035160e-002
6.787732832986344e-001	1.950619e+000	1.036375e-002
6.787813379546359e-001	1.950460e+000	1.037453e-002
6.787939561975837e-001	1.950212e+000	1.039142e-002
6.788010344055800e-001	1.950073e+000	1.040090e-002
6.788088165278384e-001	1.949920e+000	1.041132e-002
6.788170645126461e-001	1.949758e+000	1.042236e-002
6.788265447444998e-001	1.949572e+000	1.043505e-002
6.788375958893612e-001	1.949354e+000	1.044985e-002
6.788508601101319e-001	1.949093e+000	1.046760e-002
6.788680016202577e-001	1.948756e+000	1.049055e-002
6.788910871099914e-001	1.948302e+000	1.052145e-002
6.789250359727740e-001	1.947633e+000	1.056688e-002
6.789804861249370e-001	1.946540e+000	1.064108e-002
6.789900118707525e-001	1.946353e+000	1.065383e-002
6.789995376165680e-001	1.946165e+000	1.066657e-002
6.790090633623834e-001	1.945977e+000	1.067931e-002
6.790185891081989e-001	1.945789e+000	1.069205e-002
6.790281148540144e-001	1.945601e+000	1.070479e-002
6.790376405998299e-001	1.945413e+000	1.071753e-002
6.790471663456453e-001	1.945225e+000	1.073027e-002
6.790495743336893e-001	1.945178e+000	1.073349e-002
6.790509550173574e-001	1.945150e+000	1.073534e-002
6.790526526313910e-001	1.945117e+000	1.073761e-002
6.790544062580179e-001	1.945082e+000	1.073995e-002
6.790565843401727e-001	1.945039e+000	1.074286e-002
6.790588685290946e-001	1.944994e+000	1.074592e-002
6.790612812010213e-001	1.944947e+000	1.074914e-002
6.790639021861856e-001	1.944895e+000	1.075264e-002
6.790759171442302e-001	1.944658e+000	1.076870e-002
6.790884224079772e-001	1.944411e+000	1.078542e-002
6.791134329354712e-001	1.943917e+000	1.081884e-002
6.791332199128453e-001	1.943526e+000	1.084527e-002
6.791583136814743e-001	1.943030e+000	1.087879e-002
6.791866895609092e-001	1.942469e+000	1.091668e-002
6.792169345405759e-001	1.941871e+000	1.095705e-002
6.792456025585144e-001	1.941303e+000	1.099531e-002
6.792510883558861e-001	1.941195e+000	1.100263e-002
6.792562103192056e-001	1.941093e+000	1.100946e-002
6.792610784617490e-001	1.940997e+000	1.101596e-002
6.792945490022619e-001	1.940334e+000	1.106060e-002
6.793280195427749e-001	1.939671e+000	1.110523e-002
6.793614900832878e-001	1.939007e+000	1.114983e-002
6.793949606238007e-001	1.938343e+000	1.119442e-002
6.794284311643136e-001	1.937679e+000	1.123899e-002
6.794619017048266e-001	1.937015e+000	1.128354e-002
6.794953722453395e-001	1.936350e+000	1.132807e-002
6.800138118148408e-001	1.926006e+000	1.201534e-002
6.807050645741757e-001	1.912089e+000	1.292438e-002
6.820875700928455e-001	1.883821e+000	1.471739e-002
6.848525811301852e-001	1.825589e+000	1.820315e-002
6.903826032048647e-001	1.702586e+000	2.477365e-002
7.014426473542235e-001	1.432557e+000	3.631093e-002
7.235627356529412e-001	8.153572e-001	5.412759e-002
7.528596106529412e-001	-8.981799e-002	6.833024e-002
7.821564856529412e-001	-9.829563e-001	7.427218e-002
7.821573797226128e-001	-9.829821e-001	7.427218e-002
7.843804839611229e-001	-1.046917e+000	7.398180e-002
7.866035881996331e-001	-1.109917e+000	7.363045e-002
7.888266924381432e-001	-1.171982e+000	7.321813e-002
7.910497966766533e-001	-1.233113e+000	7.274484e-002
7.932729009151635e-001	-1.293309e+000	7.221058e-002
7.954960051536736e-001	-1.352570e+000	7.161534e-002
7.977191093921837e-001	-1.410896e+000	7.095914e-002
8.013803246975121e-001	-1.504323e+000	6.968863e-002
8.022958520412621e-001	-1.527195e+000	6.934225e-002
8.025247338771996e-001	-1.532881e+000	6.925395e-002
8.029824975490746e-001	-1.544217e+000	6.907385e-002
8.036312295757601e-001	-1.560193e+000	6.881443e-002
8.042275150622911e-001	-1.574786e+000	6.857006e-002
8.078052279814771e-001	-1.660460e+000	6.697522e-002
8.125755118737251e-001	-1.769444e+000	6.453576e-002
8.221160796582211e-001	-1.967972e+000	5.870338e-002
8.411972152272130e-001	-2.277825e+000	4.488594e-002
8.522735913243236e-001	-2.398740e+000	3.568617e-002
8.604900395209162e-001	-2.458556e+000	2.812261e-002
8.691981382100380e-001	-2.493358e+000	1.959451e-002
8.803403267306099e-001	-2.494373e+000	8.154702e-003
8.911932349853243e-001	-2.448418e+000	-3.463944e-003
9.087976717156832e-001	-2.277891e+000	-2.283078e-002
9.088002446234150e-001	-2.277858e+000	-2.283367e-002
9.088036751670575e-001	-2.277814e+000	-2.283753e-002
9.111986161946405e-001	-2.245726e+000	-2.554185e-002
9.135935572222235e-001	-2.211677e+000	-2.825014e-002
9.159884982498064e-001	-2.175665e+000	-3.096239e-002
9.183834392773895e-001	-2.137692e+000	-3.367860e-002
9.207783803049725e-001	-2.097756e+000	-3.639877e-002
9.231733213325555e-001	-2.055858e+000	-3.912291e-002
9.255682623601385e-001	-2.011997e+000	-4.185101e-002
9.258998729561184e-001	-2.005796e+000	-4.222885e-002
9.262314835520985e-001	-1.999560e+000	-4.260670e-002
9.265630941480785e-001	-1.993290e+000	-4.298457e-002
9.268947047440586e-001	-1.986985e+000	-4.336244e-002
9.272263153400385e-001	-1.980646e+000	-4.374033e-002
9.275579259360186e-001	-1.974272e+000	-4.411824e-002
9.278895365319986e-001	-1.967863e+000	-4.449616e-002
9.279825084246683e-001	-1.966060e+000	-4.460211e-002
9.280754803173380e-001	-1.964255e+000	-4.470807e-002
9.281684522100078e-001	-1.962447e+000	-4.481402e-002
9.282614241026775e-001	-1.960636e+000	-4.491998e-002
9.283543959953473e-001	-1.958823e+000	-4.502594e-002
9.284473678880170e-001	-1.957006e+000	-4.513189e-002
9.285403397806867e-001	-1.955188e+000	-4.523785e-002
9.286773076905707e-001	-1.952503e+000	-4.539395e-002
9.286836536941174e-001	-1.952379e+000	-4.540118e-002
9.286921150321797e-001	-1.952212e+000	-4.541082e-002
9.287090377083044e-001	-1.951880e+000	-4.543011e-002
9.287428830605536e-001	-1.951216e+000	-4.546868e-002
9.287740719329464e-001	-1.950603e+000	-4.550423e-002
9.287946454488866e-001	-1.950199e+000	-4.552767e-002
9.288091039795657e-001	-1.949915e+000	-4.554415e-002
9.288228993292733e-001	-1.949643e+000	-4.555987e-002
9.288373906451107e-001	-1.949358e+000	-4.557639e-002
9.288466338876346e-001	-1.949176e+000	-4.558692e-002
9.288541667606877e-001	-1.949028e+000	-4.559551e-002
9.288605016030271e-001	-1.948904e+000	-4.560273e-002
9.288670145458422e-001	-1.948775e+000	-4.561015e-002
9.288735832944052e-001	-1.948646e+000	-4.561764e-002
9.288817028641481e-001	-1.948486e+000	-4.562689e-002
9.288938072718311e-001	-1.948248e+000	-4.564068e-002
9.289180160871972e-001	-1.947771e+000	-4.566827e-002
9.289573468593585e-001	-1.946997e+000	-4.571308e-002
9.290365725714396e-001	-1.945434e+000	-4.580333e-002
9.290452996775364e-001	-1.945262e+000	-4.581326e-002
9.290540267836331e-001	-1.945090e+000	-4.582320e-002
9.290627538897299e-001	-1.944918e+000	-4.583313e-002
9.290714809958267e-001	-1.944745e+000	-4.584307e-002
9.290802081019235e-001	-1.944573e+000	-4.585301e-002
9.290889352080203e-001	-1.944401e+000	-4.586294e-002
9.290976623141171e-001	-1.944228e+000	-4.587287e-002
9.291106221625403e-001	-1.943972e+000	-4.588762e-002
9.291143391902267e-001	-1.943899e+000	-4.589185e-002
9.291169608112241e-001	-1.943847e+000	-4.589484e-002
9.291197751705603e-001	-1.943792e+000	-4.589804e-002
9.291226396712695e-001	-1.943735e+000	-4.590130e-002
9.291253380102447e-001	-1.943682e+000	-4.590437e-002
9.291315876692547e-001	-1.943558e+000	-4.591148e-002
9.291385062802937e-001	-1.943421e+000	-4.591935e-002
9.291506477451502e-001	-1.943182e+000	-4.593316e-002
9.291728162179570e-001	-1.942743e+000	-4.595837e-002
9.291924211101919e-001	-1.942356e+000	-4.598065e-002
9.292180311363637e-001	-1.941849e+000	-4.600976e-002
9.292477908652039e-001	-1.941260e+000	-4.604357e-002
9.292764630824235e-001	-1.940692e+000	-4.607614e-002
9.292947881311028e-001	-1.940329e+000	-4.609694e-002
9.293054880037688e-001	-1.940117e+000	-4.610909e-002
9.293111067409134e-001	-1.940006e+000	-4.611547e-002
9.293158888109346e-001	-1.939911e+000	-4.612090e-002
9.293213168840783e-001	-1.939804e+000	-4.612706e-002
9.293337161106255e-001	-1.939558e+000	-4.614113e-002
9.307445596474804e-001	-1.911275e+000	-4.772495e-002
9.321554031843352e-001	-1.882411e+000	-4.927397e-002
9.335662467211900e-001	-1.852966e+000	-5.078820e-002
9.349770902580450e-001	-1.822942e+000	-5.226763e-002
9.363879337948998e-001	-1.792336e+000	-5.371228e-002
9.377987773317547e-001	-1.761150e+000	-5.512213e-002
9.392096208686095e-001	-1.729384e+000	-5.649719e-002
9.490340353346626e-001	-1.493905e+000	-6.510796e-002
9.686828642667688e-001	-9.586568e-001	-7.795701e-002
9.979797392667688e-001	-6.346154e-002	-8.810202e-002
1.027276614266769e+000	8.402385e-001	-9.024080e-002
1.027279296475784e+000	8.403178e-001	-9.024026e-002
1.029379529996564e+000	9.022251e-001	-8.968751e-002
1.031479763517344e+000	9.634120e-001	-8.908339e-002
1.033579997038124e+000	1.023879e+000	-8.842789e-002
1.035680230558905e+000	1.083625e+000	-8.772102e-002
1.037780464079685e+000	1.142650e+000	-8.696277e-002
1.039880697600465e+000	1.200956e+000	-8.615315e-002
1.041980931121246e+000	1.258540e+000	-8.529215e-002
1.042250173816645e+000	1.265842e+000	-8.517292e-002
1.042519416512045e+000	1.273129e+000	-8.505283e-002
1.042788659207445e+000	1.280401e+000	-8.493188e-002
1.043057901902844e+000	1.287658e+000	-8.481009e-002
1.043327144598244e+000	1.294901e+000	-8.468744e-002
1.043596387293644e+000	1.302129e+000	-8.456393e-002
1.043865629989043e+000	1.309342e+000	-8.443958e-002
1.043980070907012e+000	1.312404e+000	-8.438614e-002
1.044208952742950e+000	1.318518e+000	-8.427859e-002
1.044666716414825e+000	1.330715e+000	-8.406134e-002
1.045216217276771e+000	1.345297e+000	-8.379653e-002
1.046085508432223e+000	1.368235e+000	-8.336847e-002
1.049649591624052e+000	1.460543e+000	-8.148154e-002
1.054401702546490e+000	1.579032e+000	-7.865448e-002
1.063905924391366e+000	1.798721e+000	-7.206025e-002
1.082914368081120e+000	2.158453e+000	-5.657059e-002
1.098964485553378e+000	2.367388e+000	-4.167009e-002
1.108014425725134e+000	2.443266e+000	-3.243076e-002
1.116209275358265e+000	2.484762e+000	-2.358907e-002
1.124564017266947e+000	2.499963e+000	-1.427281e-002
1.132337951926771e+000	2.489379e+000	-5.368967e-003
1.144441991970430e+000	2.425758e+000	8.813508e-003
1.164036591582151e+000	2.205187e+000	3.208071e-002
1.164039273791166e+000	2.205147e+000	3.208392e-002
1.164042850069852e+000	2.205094e+000	3.208821e-002
1.164804170050448e+000	2.193722e+000	3.300212e-002
1.165565490031044e+000	2.182152e+000	3.391593e-002
1.166326810011640e+000	2.170383e+000	3.482967e-002
1.167088129992235e+000	2.158416e+000	3.574331e-002
1.167849449972831e+000	2.146250e+000	3.665688e-002
1.168610769953427e+000	2.133886e+000	3.757036e-002
1.169372089934023e+000	2.121324e+000	3.848375e-002
1.170608329226138e+000	2.100499e+000	3.996763e-002
1.171844568518253e+000	2.079182e+000	4.145070e-002
1.173080807810368e+000	2.057374e+000	4.293297e-002
1.174317047102483e+000	2.035073e+000	4.441444e-002
1.175553286394598e+000	2.012281e+000	4.589510e-002
1.176789525686713e+000	1.988997e+000	4.737495e-002
1.178025764978828e+000	1.965221e+000	4.885400e-002
1.178697387127651e+000	1.952109e+000	4.965703e-002
1.178708446173915e+000	1.951892e+000	4.967025e-002
1.178730564266444e+000	1.951458e+000	4.969669e-002
1.178774800451501e+000	1.950589e+000	4.974956e-002
1.178799576738812e+000	1.950102e+000	4.977918e-002
1.178819209288108e+000	1.949716e+000	4.980264e-002
1.178835920118420e+000	1.949387e+000	4.982262e-002
1.178851570820110e+000	1.949079e+000	4.984132e-002
1.178876337725801e+000	1.948592e+000	4.987092e-002
1.178900769698591e+000	1.948111e+000	4.990012e-002
1.178934289911230e+000	1.947451e+000	4.994018e-002
1.178983047703540e+000	1.946490e+000	4.999843e-002
1.179055846132275e+000	1.945054e+000	5.008538e-002
1.179078143486207e+000	1.944614e+000	5.011200e-002
1.179099757671699e+000	1.944187e+000	5.013780e-002
1.179104153568553e+000	1.944100e+000	5.014305e-002
1.179106556978040e+000	1.944053e+000	5.014592e-002
1.179108419723321e+000	1.944016e+000	5.014814e-002
1.179110330252245e+000	1.943978e+000	5.015042e-002
1.179112358562426e+000	1.943938e+000	5.015284e-002
1.179114730108335e+000	1.943891e+000	5.015567e-002
1.179117091086566e+000	1.943845e+000	5.015849e-002
1.179119412704755e+000	1.943799e+000	5.016126e-002
1.179121993948231e+000	1.943748e+000	5.016434e-002
1.179125007633845e+000	1.943688e+000	5.016793e-002
1.179130379952477e+000	1.943582e+000	5.017434e-002
1.179138584602881e+000	1.943420e+000	5.018413e-002
1.179153331755607e+000	1.943128e+000	5.020172e-002
1.179180596999342e+000	1.942589e+000	5.023423e-002
1.179201397549690e+000	1.942178e+000	5.025903e-002
1.179223652106973e+000	1.941738e+000	5.028556e-002
1.179259734518756e+000	1.941024e+000	5.032855e-002
1.179298463020023e+000	1.940257e+000	5.037467e-002
1.179315273211592e+000	1.939923e+000	5.039468e-002
1.179323426524396e+000	1.939762e+000	5.040439e-002
1.179332408653036e+000	1.939584e+000	5.041508e-002
1.180836299385790e+000	1.909413e+000	5.218599e-002
1.182340190118544e+000	1.878584e+000	5.391737e-002
1.183844080851298e+000	1.847098e+000	5.560922e-002
1.185347971584052e+000	1.814955e+000	5.726154e-002
1.186851862316805e+000	1.782154e+000	5.887433e-002
1.188355753049559e+000	1.748695e+000	6.044759e-002
1.189859643782313e+000	1.714579e+000	6.198132e-002
1.200238047110322e+000	1.463406e+000	7.148800e-002
1.220994853766339e+000	8.911808e-001	8.574150e-002
1.250291728766339e+000	-9.164909e-003	9.667583e-002
1.279588603766339e+000	-9.082823e-001	9.949043e-002
1.279589497836010e+000	-9.083085e-001	9.949033e-002
1.281746760229417e+000	-9.711832e-001	9.897323e-002
1.283904022622823e+000	-1.033244e+000	9.840106e-002
1.286061285016230e+000	-1.094491e+000	9.777381e-002
1.288218547409636e+000	-1.154925e+000	9.709150e-002
1.290375809803043e+000	-1.214545e+000	9.635412e-002
1.292533072196449e+000	-1.273351e+000	9.556168e-002
1.294690334589856e+000	-1.331343e+000	9.471416e-002
1.296063625605481e+000	-1.367660e+000	9.411642e-002
1.297894680292981e+000	-1.415446e+000	9.326826e-002
1.301556789667981e+000	-1.508747e+000	9.149011e-002
1.301557460220234e+000	-1.508764e+000	9.148976e-002
1.301559217425657e+000	-1.508808e+000	9.148886e-002
1.301560331446931e+000	-1.508836e+000	9.148828e-002
1.301561956620993e+000	-1.508876e+000	9.148744e-002
1.301564609597798e+000	-1.508943e+000	9.148607e-002
1.301569487258717e+000	-1.509065e+000	9.148354e-002
1.301576216257643e+000	-1.509233e+000	9.148005e-002
1.301730235034891e+000	-1.513088e+000	9.140010e-002
1.301884253812139e+000	-1.516937e+000	9.131975e-002
1.302038272589386e+000	-1.520780e+000	9.123898e-002
1.302192291366634e+000	-1.524618e+000	9.115781e-002
1.302346310143882e+000	-1.528450e+000	9.107622e-002
1.302500328921129e+000	-1.532276e+000	9.099423e-002
1.302654347698377e+000	-1.536096e+000	9.091183e-002
1.303738335156538e+000	-1.562821e+000	9.032056e-002
1.305906310072860e+000	-1.615395e+000	8.907970e-002
1.310242259905503e+000	-1.716908e+000	8.637621e-002
1.318914159570790e+000	-1.904360e+000	8.017010e-002
1.336257958901364e+000	-2.209531e+000	6.582332e-002
1.349678607555507e+000	-2.374502e+000	5.328002e-002
1.358547301320224e+000	-2.446758e+000	4.418587e-002
1.366854460068683e+000	-2.486914e+000	3.517974e-002
1.374800493058525e+000	-2.499992e+000	2.624486e-002
1.382425846835543e+000	-2.489123e+000	1.740499e-002
1.394584875434033e+000	-2.424668e+000	2.924152e-003
1.414269247968585e+000	-2.201734e+000	-2.091379e-002
1.415323196456140e+000	-2.185852e+000	-2.220964e-002
1.416377144943694e+000	-2.169594e+000	-2.350571e-002
1.417431093431248e+000	-2.152959e+000	-2.480200e-002
1.418485041918803e+000	-2.135946e+000	-2.609850e-002
1.419538990406357e+000	-2.118557e+000	-2.739521e-002
1.420592938893911e+000	-2.100790e+000	-2.869214e-002
1.421646887381465e+000	-2.082647e+000	-2.998928e-002
1.422439160834769e+000	-2.068770e+000	-3.096438e-002
1.423231434288073e+000	-2.054693e+000	-3.193932e-002
1.424023707741377e+000	-2.040414e+000	-3.291411e-002
1.424815981194680e+000	-2.025934e+000	-3.388876e-002
1.425608254647984e+000	-2.011253e+000	-3.486325e-002
1.426400528101288e+000	-1.996371e+000	-3.583760e-002
1.427192801554592e+000	-1.981288e+000	-3.681179e-002
1.427994111497791e+000	-1.965835e+000	-3.779677e-002
1.428630697956355e+000	-1.953417e+000	-3.857906e-002
1.428668122953272e+000	-1.952683e+000	-3.862505e-002
1.428727424685106e+000	-1.951519e+000	-3.869791e-002
1.428761098035809e+000	-1.950858e+000	-3.873928e-002
1.428783953266656e+000	-1.950409e+000	-3.876736e-002
1.428802152378415e+000	-1.950051e+000	-3.878972e-002
1.428812760179745e+000	-1.949843e+000	-3.880276e-002
1.428820359807225e+000	-1.949693e+000	-3.881209e-002
1.428825793190299e+000	-1.949586e+000	-3.881877e-002
1.428830662971756e+000	-1.949491e+000	-3.882475e-002
1.428835668431240e+000	-1.949392e+000	-3.883090e-002
1.428841280300576e+000	-1.949282e+000	-3.883780e-002
1.428851000390476e+000	-1.949090e+000	-3.884974e-002
1.428860882631873e+000	-1.948896e+000	-3.886188e-002
1.428873533251497e+000	-1.948647e+000	-3.887742e-002
1.428890353965125e+000	-1.948316e+000	-3.889808e-002
1.428912049629884e+000	-1.947889e+000	-3.892474e-002
1.428944076266813e+000	-1.947258e+000	-3.896407e-002
1.428993571376155e+000	-1.946283e+000	-3.902485e-002
1.429078945452426e+000	-1.944598e+000	-3.912965e-002
1.429084008337510e+000	-1.944498e+000	-3.913587e-002
1.429089508656076e+000	-1.944389e+000	-3.914261e-002
1.429091899115643e+000	-1.944342e+000	-3.914555e-002
1.429093802411544e+000	-1.944305e+000	-3.914788e-002
1.429095783040494e+000	-1.944266e+000	-3.915031e-002
1.429097806666405e+000	-1.944226e+000	-3.915279e-002
1.429100191771127e+000	-1.944178e+000	-3.915572e-002
1.429102517971953e+000	-1.944133e+000	-3.915857e-002
1.429104775394259e+000	-1.944088e+000	-3.916134e-002
1.429107414145890e+000	-1.944036e+000	-3.916458e-002
1.429110496533183e+000	-1.943975e+000	-3.916836e-002
1.429116026877734e+000	-1.943866e+000	-3.917514e-002
1.429124600592843e+000	-1.943696e+000	-3.918565e-002
1.429140121231065e+000	-1.943390e+000	-3.920469e-002
1.429169333205675e+000	-1.942812e+000	-3.924049e-002
1.429192308936857e+000	-1.942358e+000	-3.926865e-002
1.429216106791495e+000	-1.941887e+000	-3.929781e-002
1.429249649108166e+000	-1.941223e+000	-3.933889e-002
1.429296485741001e+000	-1.940296e+000	-3.939623e-002
1.429307573834434e+000	-1.940076e+000	-3.940980e-002
1.429320736404659e+000	-1.939815e+000	-3.942591e-002
1.429326393645833e+000	-1.939703e+000	-3.943283e-002
1.430392679676968e+000	-1.918390e+000	-4.072761e-002
1.431458965708103e+000	-1.896741e+000	-4.200251e-002
1.432525251739238e+000	-1.874756e+000	-4.325754e-002
1.433591537770373e+000	-1.852436e+000	-4.449269e-002
1.434657823801508e+000	-1.829780e+000	-4.570796e-002
1.435724109832643e+000	-1.806788e+000	-4.690335e-002
1.436790395863778e+000	-1.783460e+000	-4.807887e-002
1.444219453088020e+000	-1.612377e+000	-5.571740e-002
1.459077567536504e+000	-1.229697e+000	-6.812277e-002
1.488374442536504e+000	-3.639299e-001	-8.430381e-002
1.517671317536504e+000	5.506093e-001	-8.997029e-002
1.546968192536504e+000	1.391359e+000	-8.664460e-002
1.546970874745518e+000	1.391429e+000	-8.664356e-002
1.548088545727171e+000	1.420462e+000	-8.616280e-002
1.549207009428973e+000	1.449236e+000	-8.565988e-002
1.551443936832576e+000	1.505918e+000	-8.462347e-002
1.551452674830247e+000	1.506137e+000	-8.461932e-002
1.551555272411388e+000	1.508709e+000	-8.456969e-002
1.552257646743065e+000	1.526245e+000	-8.422504e-002
1.554665787308812e+000	1.585456e+000	-8.298013e-002
1.557876641396476e+000	1.662137e+000	-8.117406e-002
1.564298349571803e+000	1.807261e+000	-7.709949e-002
1.577141765922457e+000	2.061355e+000	-6.747955e-002
1.598392936204727e+000	2.361556e+000	-4.909269e-002
1.607588507219839e+000	2.440397e+000	-4.019661e-002
1.615679986905778e+000	2.482874e+000	-3.173868e-002
1.623623794260998e+000	2.499626e+000	-2.309569e-002
1.631988446727437e+000	2.490366e+000	-1.368879e-002
1.643873775440118e+000	2.430014e+000	7.853514e-005
1.663124333292371e+000	2.218543e+000	2.279809e-002
1.664170139359702e+000	2.203203e+000	2.405366e-002
1.665215945427032e+000	2.187488e+000	2.530963e-002
1.666261751494363e+000	2.171398e+000	2.656599e-002
1.667307557561693e+000	2.154935e+000	2.782275e-002
1.668353363629024e+000	2.138096e+000	2.907989e-002
1.669399169696354e+000	2.120883e+000	3.033743e-002
1.670444975763685e+000	2.103296e+000	3.159536e-002
1.671597502172282e+000	2.083481e+000	3.298170e-002
1.672750028580880e+000	2.063244e+000	3.436788e-002
1.673902554989477e+000	2.042584e+000	3.575391e-002
1.675055081398074e+000	2.021503e+000	3.713978e-002
1.676207607806672e+000	2.000001e+000	3.852549e-002
1.677360134215269e+000	1.978076e+000	3.991104e-002
1.678512660623867e+000	1.955729e+000	4.129644e-002
1.678535155564278e+000	1.955289e+000	4.132348e-002
1.678689808279603e+000	1.952258e+000	4.150935e-002
1.678712303220014e+000	1.951816e+000	4.153638e-002
1.678757293100836e+000	1.950933e+000	4.159045e-002
1.678790858882638e+000	1.950273e+000	4.163079e-002
1.678812250269999e+000	1.949853e+000	4.165650e-002
1.678828762321533e+000	1.949528e+000	4.167634e-002
1.678839542487076e+000	1.949316e+000	4.168930e-002
1.678849948360778e+000	1.949111e+000	4.170180e-002
1.678859735383484e+000	1.948919e+000	4.171356e-002
1.678872572310254e+000	1.948666e+000	4.172899e-002
1.678888745573195e+000	1.948348e+000	4.174843e-002
1.678913206586209e+000	1.947866e+000	4.177782e-002
1.678958569200634e+000	1.946972e+000	4.183232e-002
1.679050240020446e+000	1.945165e+000	4.194243e-002
1.679058922001151e+000	1.944993e+000	4.195286e-002
1.679067603981856e+000	1.944822e+000	4.196328e-002
1.679076285962560e+000	1.944651e+000	4.197370e-002
1.679084967943265e+000	1.944479e+000	4.198413e-002
1.679093649923970e+000	1.944308e+000	4.199455e-002
1.679102331904675e+000	1.944136e+000	4.200497e-002
1.679111013885380e+000	1.943965e+000	4.201539e-002
1.679118016528878e+000	1.943826e+000	4.202379e-002
1.679121886305687e+000	1.943750e+000	4.202844e-002
1.679123867522902e+000	1.943711e+000	4.203082e-002
1.679125938101781e+000	1.943670e+000	4.203330e-002
1.679127910931918e+000	1.943631e+000	4.203567e-002
1.679129923208577e+000	1.943591e+000	4.203808e-002
1.679132123807376e+000	1.943548e+000	4.204072e-002
1.679134294795390e+000	1.943505e+000	4.204332e-002
1.679136961601403e+000	1.943452e+000	4.204652e-002
1.679145257534183e+000	1.943288e+000	4.205648e-002
1.679153466660501e+000	1.943126e+000	4.206632e-002
1.679168115097916e+000	1.942836e+000	4.208389e-002
1.679195863498267e+000	1.942288e+000	4.211716e-002
1.679216976544786e+000	1.941870e+000	4.214247e-002
1.679239420904348e+000	1.941426e+000	4.216937e-002
1.679274519037791e+000	1.940731e+000	4.221142e-002
1.679314714158237e+000	1.939934e+000	4.225955e-002
1.679330461761250e+000	1.939622e+000	4.227841e-002
1.679336828787748e+000	1.939496e+000	4.228603e-002
1.679342903587783e+000	1.939376e+000	4.229330e-002
1.680656564000831e+000	1.913058e+000	4.385067e-002
1.681970224413879e+000	1.886236e+000	4.537787e-002
1.683283884826927e+000	1.858908e+000	4.687491e-002
1.684597545239975e+000	1.831075e+000	4.834178e-002
1.685911205653023e+000	1.802738e+000	4.977849e-002
1.687224866066071e+000	1.773895e+000	5.118502e-002
1.688538526479119e+000	1.744547e+000	5.256139e-002
1.697679975977825e+000	1.527796e+000	6.130402e-002
1.715962874975236e+000	1.037000e+000	7.487307e-002
1.745259749975236e+000	1.488313e-001	8.781194e-002
